585.0 6.000
585.0 6.000
585.0 6.000
585.0 6.000
585.0 6.000
585.0 6.000
585.0 6.000
585.0 6.000
585.1 6.000
585.1 6.000
585.1 6.000
585.1 6.000
585.1 6.000
585.1 6.000
585.1 6.000
585.1 6.000
585.2 6.000
585.2 6.000
585.2 6.000
585.2 6.000
585.2 6.000
585.2 6.000
585.2 6.000
585.2 6.000
585.3 6.000
585.3 6.000
585.3 6.000
585.3 6.000
585.3 6.000
585.3 6.000
585.3 6.000
585.3 6.000
585.4 6.000
585.4 6.000
585.4 6.000
585.4 6.000
585.4 6.000
585.4 6.000
585.4 6.000
585.4 6.000
585.5 6.000
585.5 6.000
585.5 6.000
585.5 6.000
585.5 6.000
585.5 6.000
585.5 6.000
585.5 6.000
585.6 6.000
585.6 6.000
585.6 6.000
585.6 6.000
585.6 6.000
585.6 6.000
585.6 6.000
585.6 6.000
585.7 6.000
585.7 6.000
585.7 6.000
585.7 6.000
585.7 6.000
585.7 6.000
585.7 6.000
585.7 6.000
585.8 6.000
585.8 6.000
585.8 6.000
585.8 6.000
585.8 6.000
585.8 6.000
585.8 6.000
585.8 6.000
585.9 6.000
585.9 6.000
585.9 6.000
585.9 6.000
585.9 6.000
585.9 6.000
585.9 6.000
585.9 6.000
586.0 6.000
586.0 6.000
586.0 6.000
586.0 6.000
586.0 6.000
586.0 6.000
586.0 6.000
586.0 6.000
586.1 6.000
586.1 6.000
586.1 6.000
586.1 6.000
586.1 6.000
586.1 6.000
586.1 6.000
586.1 6.000
586.2 6.000
586.2 6.000
586.2 6.000
586.2 6.000
586.2 6.000
586.2 6.000
586.2 6.000
586.2 6.000
586.3 6.000
586.3 6.000
586.3 6.000
586.3 6.000
586.3 6.000
586.3 6.000
586.3 6.000
586.3 6.000
586.4 6.000
586.4 6.000
586.4 6.000
586.4 6.000
586.4 6.000
586.4 6.000
586.4 6.000
586.4 6.000
586.5 6.000
586.5 6.000
586.5 6.000
586.5 6.000
586.5 6.000
586.5 6.000
586.5 6.000
586.5 6.000
586.6 6.000
586.6 6.000
586.6 6.000
586.6 6.000
586.6 6.000
586.6 6.000
586.6 6.000
586.6 6.000
586.7 6.000
586.7 6.000
586.7 6.000
586.7 6.000
586.7 6.000
586.7 6.000
586.7 6.000
586.7 6.000
586.8 6.000
586.8 6.000
586.8 6.000
586.8 7.000
586.8 6.000
586.8 6.000
586.8 6.000
586.8 6.000
586.9 6.000
586.9 6.000
586.9 6.000
586.9 6.000
586.9 6.000
586.9 6.000
586.9 6.000
586.9 6.000
587.0 6.000
587.0 6.000
587.0 6.000
587.0 6.000
587.0 6.000
587.0 6.000
587.0 6.000
587.0 6.000
587.1 6.000
587.1 6.000
587.1 6.000
587.1 6.000
587.1 6.000
587.1 6.000
587.1 6.000
587.1 6.000
587.2 6.000
587.2 6.000
587.2 6.000
587.2 6.000
587.2 6.000
587.2 6.000
587.2 6.000
587.2 6.000
587.3 6.000
587.3 6.000
587.3 6.000
587.3 6.000
587.3 6.000
587.3 6.000
587.3 6.000
587.3 6.000
587.4 6.000
587.4 6.000
587.4 6.000
587.4 6.000
587.4 6.000
587.4 6.000
587.4 6.000
587.4 6.000
587.5 6.000
587.5 6.000
587.5 6.000
587.5 6.000
587.5 6.000
587.5 6.000
587.5 6.000
587.5 6.000
587.6 6.000
587.6 6.000
587.6 6.000
587.6 6.000
587.6 6.000
587.6 6.000
587.6 6.000
587.6 6.000
587.7 6.000
587.7 6.000
587.7 6.000
587.7 6.000
587.7 6.000
587.7 6.000
587.7 6.000
587.7 6.000
587.8 6.000
587.8 6.000
587.8 6.000
587.8 6.000
587.8 6.000
587.8 6.000
587.8 6.000
587.8 6.000
587.9 6.000
587.9 6.000
587.9 6.000
587.9 6.000
587.9 6.000
587.9 6.000
587.9 6.000
587.9 6.000
588.0 6.000
588.0 6.000
588.0 6.000
588.0 6.000
588.0 6.000
588.0 6.000
588.0 6.000
588.0 6.000
588.1 6.000
588.1 7.000
588.1 6.000
588.1 6.000
588.1 7.000
588.1 6.000
588.1 6.000
588.1 6.000
588.2 7.000
588.2 7.000
588.2 7.000
588.2 6.000
588.2 7.000
588.2 7.000
588.2 7.000
588.2 6.000
588.3 7.000
588.3 7.000
588.3 7.000
588.3 7.000
588.3 7.000
588.3 7.000
588.3 7.000
588.3 7.000
588.4 7.000
588.4 7.000
588.4 7.000
588.4 7.000
588.4 7.000
588.4 7.000
588.4 7.000
588.4 7.000
588.5 7.000
588.5 7.000
588.5 7.000
588.5 7.000
588.5 7.000
588.5 7.000
588.5 7.000
588.5 7.000
588.6 8.000
588.6 8.000
588.6 8.000
588.6 8.000
588.6 8.000
588.6 8.000
588.6 9.000
588.6 9.000
588.7 9.000
588.7 10.00
588.7 11.00
588.7 11.00
588.7 13.00
588.7 15.00
588.7 18.00
588.7 23.00
588.8 34.00
588.8 58.00
588.8 102.00
588.8 199.00
588.8 333.00
588.8 520.00
588.8 721.00
588.8 889.00
588.9 1219.0
588.9 1465.0
588.9 1618.0
588.9 1880.0
588.9 2069.0
588.9 2142.0
588.9 2241.0
588.9 2294.0
589.0 2304.0
589.0 2297.0
589.0 2306.0
589.0 2273.0
589.0 2206.0
589.0 2164.0
589.0 2076.0
589.0 1895.0
589.1 1708.0
589.1 1533.0
589.1 1301.0
589.1 1092.0
589.1 870.00
589.1 653.00
589.1 453.00
589.1 333.00
589.2 217.00
589.2 627.00
589.2 103.00
589.2 68.00
589.2 51.00
589.2 38.00
589.2 30.00
589.2 25.00
589.3 22.00
589.3 20.00
589.3 19.00
589.3 19.00
589.3 19.00
589.3 19.00
589.3 20.00
589.3 22.00
589.4 25.00
589.4 33.00
589.4 49.00
589.4 89.00
589.4 163.00
589.4 276.00
589.4 388.00
589.4 603.00
589.5 824.00
589.5 1011.0
589.5 1227.0
589.5 1497.0
589.5 1721.0
589.5 1860.0
589.5 2030.0
589.5 2138.0
589.6 2148.0
589.6 2206.0
589.6 2228.0
589.6 2196.0
589.6 2174.0
589.6 2162.0
589.6 2089.0
589.6 2009.0
589.7 1918.0
589.7 1754.0
589.7 1598.0
589.7 1409.0
589.7 1199.0
589.7 910.00
589.7 753.00
589.7 565.00
589.8 391.00
589.8 738.00
589.8 179.00
589.8 584.00
589.8 74.00
589.8 50.00
589.8 34.00
589.8 27.00
589.9 21.00
589.9 18.00
589.9 17.00
589.9 15.00
589.9 14.00
589.9 14.00
589.9 13.00
589.9 12.00
590.0 12.00
590.0 12.00
590.0 11.00
590.0 11.00
590.0 11.00
590.0 10.00
590.0 11.00
590.0 10.00
590.1 10.00
590.1 10.00
590.1 10.00
590.1 9.000
590.1 9.000
590.1 9.000
590.1 9.000
590.1 9.000
590.2 9.000
590.2 9.000
590.2 9.000
590.2 8.000
590.2 8.000
590.2 8.000
590.2 8.000
590.2 8.000
590.3 8.000
590.3 8.000
590.3 8.000
590.3 8.000
590.3 8.000
590.3 8.000
590.3 8.000
590.3 7.000
590.4 8.000
590.4 8.000
590.4 7.000
590.4 7.000
590.4 8.000
590.4 7.000
590.4 7.000
590.4 7.000
590.5 7.000
590.5 7.000
590.5 7.000
590.5 7.000
590.5 7.000
590.5 7.000
590.5 7.000
590.5 7.000
590.6 7.000
590.6 7.000
590.6 7.000
590.6 7.000
590.6 7.000
590.6 7.000
590.6 7.000
590.6 7.000
590.7 7.000
590.7 7.000
590.7 7.000
590.7 7.000
590.7 7.000
590.7 7.000
590.7 7.000
590.7 7.000
590.8 7.000
590.8 7.000
590.8 7.000
590.8 7.000
590.8 7.000
590.8 7.000
590.8 6.000
590.8 7.000
590.9 7.000
590.9 7.000
590.9 7.000
590.9 7.000
590.9 7.000
590.9 7.000
590.9 7.000
590.9 7.000
591.0 7.000
591.0 6.000
591.0 7.000
591.0 7.000
591.0 6.000
591.0 7.000
591.0 6.000
591.0 6.000
591.1 7.000
591.1 6.000
591.1 7.000
591.1 6.000
591.1 6.000
591.1 7.000
591.1 7.000
591.1 7.000
591.2 7.000
591.2 6.000
591.2 6.000
591.2 7.000
591.2 6.000
591.2 6.000
591.2 6.000
591.2 6.000
591.3 7.000
591.3 6.000
591.3 6.000
591.3 6.000
591.3 6.000
591.3 6.000
591.3 6.000
591.3 6.000
591.4 6.000
591.4 6.000
591.4 6.000
591.4 6.000
591.4 7.000
591.4 6.000
591.4 6.000
591.4 6.000
591.5 6.000
591.5 6.000
591.5 6.000
591.5 6.000
591.5 6.000
591.5 6.000
591.5 6.000
591.5 6.000
591.6 6.000
591.6 6.000
591.6 6.000
591.6 6.000
591.6 6.000
591.6 6.000
591.6 6.000
591.6 6.000
591.7 6.000
591.7 6.000
591.7 7.000
591.7 7.000
591.7 6.000
591.7 6.000
591.7 6.000
591.7 6.000
591.8 6.000
591.8 6.000
591.8 6.000
591.8 6.000
591.8 6.000
591.8 6.000
591.8 6.000
591.8 6.000
591.9 6.000
591.9 6.000
591.9 6.000
591.9 6.000
591.9 6.000
591.9 6.000
591.9 6.000
591.9 6.000
592.0 6.000
592.0 6.000
592.0 6.000
592.0 6.000
592.0 6.000
592.0 6.000
592.0 6.000
592.0 6.000
592.1 6.000
592.1 6.000
592.1 6.000
592.1 6.000
592.1 6.000
592.1 6.000
592.1 6.000
592.1 6.000
592.2 6.000
592.2 6.000
592.2 6.000
592.2 6.000
592.2 6.000
592.2 6.000
592.2 6.000
592.2 6.000
592.3 6.000
592.3 6.000
592.3 6.000
592.3 6.000
592.3 6.000
592.3 6.000
592.3 6.000
592.3 6.000
592.4 6.000
592.4 6.000
592.4 6.000
592.4 6.000
592.4 6.000
592.4 6.000
592.4 6.000
592.4 6.000
592.5 6.000
592.5 6.000
592.5 6.000
592.5 6.000
592.5 6.000
592.5 6.000
592.5 6.000
592.5 6.000
592.6 6.000
592.6 6.000
592.6 6.000
592.6 6.000
592.6 6.000
592.6 6.000
592.6 6.000
592.6 6.000
592.7 6.000
592.7 6.000
592.7 6.000
592.7 6.000
592.7 6.000
592.7 6.000
592.7 6.000
592.7 6.000
592.8 6.000
592.8 6.000
592.8 6.000
592.8 6.000
592.8 6.000
592.8 6.000
592.8 6.000
592.8 6.000
592.9 6.000
592.9 6.000
592.9 6.000
592.9 6.000
592.9 6.000
592.9 6.000
592.9 6.000
592.9 6.000
593.0 6.000
593.0 6.000
593.0 6.000
593.0 6.000
593.0 6.000
593.0 6.000
593.0 6.000
593.0 6.000
593.1 6.000
593.1 6.000
593.1 6.000
593.1 6.000
593.1 6.000
593.1 6.000
593.1 6.000
593.1 6.000
593.2 6.000
593.2 6.000
593.2 6.000
593.2 6.000
593.2 6.000
593.2 6.000
593.2 6.000
593.2 6.000
593.3 6.000
593.3 6.000
593.3 6.000
593.3 6.000
593.3 6.000
593.3 6.000
593.3 6.000
593.3 6.000
593.4 6.000
593.4 6.000
593.4 6.000
593.4 6.000
593.4 6.000
593.4 6.000
593.4 6.000
593.4 6.000
593.5 6.000
593.5 6.000
593.5 6.000
593.5 6.000
593.5 6.000
593.5 6.000
593.5 6.000
593.5 6.000
593.6 6.000
593.6 6.000
593.6 6.000
593.6 6.000
593.6 6.000
593.6 6.000
593.6 6.000
593.6 6.000
593.7 6.000
593.7 6.000
593.7 6.000
593.7 6.000
593.7 6.000
593.7 6.000
593.7 6.000
593.7 6.000
593.8 6.000
593.8 6.000
593.8 6.000
593.8 6.000
593.8 6.000
593.8 6.000
593.8 6.000
593.8 6.000
593.9 6.000
593.9 6.000
593.9 6.000
593.9 6.000
593.9 6.000
593.9 6.000
593.9 6.000
593.9 6.000
594.0 6.000
594.0 6.000
594.0 6.000
594.0 6.000
594.0 6.000
594.0 6.000
594.0 6.000
594.0 6.000
594.1 6.000
594.1 6.000
594.1 6.000
594.1 6.000
594.1 6.000
594.1 6.000
594.1 6.000
594.1 6.000
594.2 6.000
594.2 6.000
594.2 6.000
594.2 6.000
594.2 6.000
594.2 6.000
594.2 6.000
594.2 6.000
594.3 6.000
594.3 6.000
594.3 6.000
594.3 6.000
594.3 6.000
594.3 6.000
594.3 6.000
594.3 6.000
594.4 6.000
594.4 6.000
594.4 6.000
594.4 6.000
594.4 6.000
594.4 6.000
594.4 6.000
594.4 6.000
594.5 6.000
594.5 6.000
594.5 6.000
594.5 6.000
594.5 6.000
594.5 6.000
594.5 6.000
594.5 6.000
594.6 6.000
594.6 6.000
594.6 6.000
594.6 6.000
594.6 6.000
594.6 6.000
594.6 6.000
594.6 6.000
594.7 6.000
594.7 6.000
594.7 6.000
594.7 6.000
594.7 6.000
594.7 6.000
594.7 6.000
594.7 6.000
594.8 6.000
594.8 6.000
594.8 6.000
594.8 6.000
594.8 6.000
594.8 6.000
594.8 6.000
594.8 6.000
594.9 6.000
594.9 6.000
594.9 6.000
594.9 6.000
594.9 6.000
594.9 6.000
594.9 6.000
594.9 6.000
595.0 6.000
595.0 0.000
595.0 0.000
595.0 0.000
595.0 0.000
595.0 0.000
595.0 0.000
595.0 0.000
595.1 0.000
595.1 0.000
595.1 0.000
595.1 0.000
595.1 0.000
595.1 0.000
595.1 0.000
595.1 0.000
595.2 0.000
595.2 0.000
595.2 0.000
595.2 0.000
595.2 0.000
595.2 0.000
595.2 0.000
595.2 0.000
595.3 0.000
595.3 0.000
595.3 0.000
595.3 0.000
595.3 0.000
595.3 0.000
595.3 0.000
595.3 0.000
595.4 0.000
595.4 0.000
