610.0 8.000
610.0 8.000
610.0 8.000
610.0 8.000
610.0 8.000
610.0 8.000
610.0 8.000
610.0 8.000
610.1 8.000
610.1 8.000
610.1 7.000
610.1 8.000
610.1 7.000
610.1 8.000
610.1 8.000
610.1 8.000
610.2 7.000
610.2 7.000
610.2 8.000
610.2 8.000
610.2 8.000
610.2 7.000
610.2 8.000
610.2 8.000
610.3 7.000
610.3 7.000
610.3 7.000
610.3 7.000
610.3 7.000
610.3 7.000
610.3 8.000
610.3 8.000
610.4 8.000
610.4 8.000
610.4 7.000
610.4 8.000
610.4 7.000
610.4 8.000
610.4 7.000
610.4 8.000
610.5 8.000
610.5 8.000
610.5 8.000
610.5 8.000
610.5 8.000
610.5 8.000
610.5 8.000
610.5 8.000
610.6 8.000
610.6 8.000
610.6 8.000
610.6 8.000
610.6 8.000
610.6 8.000
610.6 8.000
610.6 8.000
610.7 8.000
610.7 8.000
610.7 8.000
610.7 8.000
610.7 8.000
610.7 8.000
610.7 8.000
610.7 8.000
610.8 7.000
610.8 8.000
610.8 7.000
610.8 8.000
610.8 7.000
610.8 8.000
610.8 7.000
610.8 7.000
610.9 7.000
610.9 7.000
610.9 8.000
610.9 7.000
610.9 8.000
610.9 8.000
610.9 7.000
610.9 7.000
611.0 8.000
611.0 8.000
611.0 7.000
611.0 7.000
611.0 7.000
611.0 7.000
611.0 8.000
611.0 8.000
611.1 8.000
611.1 8.000
611.1 8.000
611.1 7.000
611.1 8.000
611.1 7.000
611.1 7.000
611.1 7.000
611.2 7.000
611.2 7.000
611.2 7.000
611.2 7.000
611.2 7.000
611.2 7.000
611.2 7.000
611.2 7.000
611.3 8.000
611.3 8.000
611.3 8.000
611.3 8.000
611.3 7.000
611.3 8.000
611.3 7.000
611.3 7.000
611.4 7.000
611.4 8.000
611.4 7.000
611.4 8.000
611.4 7.000
611.4 7.000
611.4 7.000
611.4 7.000
611.5 7.000
611.5 8.000
611.5 7.000
611.5 7.000
611.5 7.000
611.5 7.000
611.5 7.000
611.5 7.000
611.6 7.000
611.6 7.000
611.6 7.000
611.6 7.000
611.6 7.000
611.6 7.000
611.6 7.000
611.6 7.000
611.7 7.000
611.7 7.000
611.7 7.000
611.7 7.000
611.7 7.000
611.7 7.000
611.7 7.000
611.7 7.000
611.8 7.000
611.8 7.000
611.8 7.000
611.8 7.000
611.8 7.000
611.8 8.000
611.8 7.000
611.8 7.000
611.9 7.000
611.9 7.000
611.9 7.000
611.9 7.000
611.9 7.000
611.9 7.000
611.9 7.000
611.9 7.000
612.0 7.000
612.0 7.000
612.0 7.000
612.0 7.000
612.0 7.000
612.0 7.000
612.0 7.000
612.0 7.000
612.1 7.000
612.1 7.000
612.1 7.000
612.1 7.000
612.1 7.000
612.1 7.000
612.1 7.000
612.1 7.000
612.2 7.000
612.2 7.000
612.2 7.000
612.2 7.000
612.2 7.000
612.2 7.000
612.2 7.000
612.2 7.000
612.3 7.000
612.3 7.000
612.3 7.000
612.3 7.000
612.3 8.000
612.3 7.000
612.3 7.000
612.3 7.000
612.4 7.000
612.4 7.000
612.4 7.000
612.4 7.000
612.4 7.000
612.4 7.000
612.4 7.000
612.4 7.000
612.5 7.000
612.5 7.000
612.5 7.000
612.5 8.000
612.5 7.000
612.5 7.000
612.5 7.000
612.5 7.000
612.6 7.000
612.6 7.000
612.6 7.000
612.6 7.000
612.6 7.000
612.6 7.000
612.6 7.000
612.6 8.000
612.7 8.000
612.7 7.000
612.7 7.000
612.7 7.000
612.7 7.000
612.7 8.000
612.7 7.000
612.7 7.000
612.8 7.000
612.8 8.000
612.8 8.000
612.8 8.000
612.8 8.000
612.8 7.000
612.8 7.000
612.8 7.000
612.9 7.000
612.9 7.000
612.9 7.000
612.9 7.000
612.9 7.000
612.9 7.000
612.9 7.000
612.9 7.000
613.0 7.000
613.0 7.000
613.0 7.000
613.0 7.000
613.0 7.000
613.0 7.000
613.0 7.000
613.0 8.000
613.1 7.000
613.1 8.000
613.1 7.000
613.1 7.000
613.1 7.000
613.1 7.000
613.1 7.000
613.1 7.000
613.2 7.000
613.2 7.000
613.2 7.000
613.2 7.000
613.2 7.000
613.2 7.000
613.2 7.000
613.2 7.000
613.3 7.000
613.3 7.000
613.3 7.000
613.3 7.000
613.3 7.000
613.3 7.000
613.3 7.000
613.3 7.000
613.4 7.000
613.4 7.000
613.4 7.000
613.4 7.000
613.4 7.000
613.4 7.000
613.4 7.000
613.4 7.000
613.5 7.000
613.5 7.000
613.5 7.000
613.5 7.000
613.5 7.000
613.5 7.000
613.5 7.000
613.5 7.000
613.6 7.000
613.6 7.000
613.6 7.000
613.6 8.000
613.6 7.000
613.6 7.000
613.6 7.000
613.6 7.000
613.7 7.000
613.7 7.000
613.7 7.000
613.7 7.000
613.7 7.000
613.7 8.000
613.7 7.000
613.7 7.000
613.8 7.000
613.8 7.000
613.8 7.000
613.8 7.000
613.8 7.000
613.8 7.000
613.8 7.000
613.8 7.000
613.9 7.000
613.9 7.000
613.9 7.000
613.9 7.000
613.9 8.000
613.9 7.000
613.9 7.000
613.9 7.000
614.0 7.000
614.0 7.000
614.0 7.000
614.0 7.000
614.0 8.000
614.0 7.000
614.0 7.000
614.0 7.000
614.1 7.000
614.1 7.000
614.1 7.000
614.1 7.000
614.1 7.000
614.1 8.000
614.1 8.000
614.1 7.000
614.2 7.000
614.2 7.000
614.2 7.000
614.2 7.000
614.2 7.000
614.2 7.000
614.2 8.000
614.2 7.000
614.3 7.000
614.3 7.000
614.3 7.000
614.3 7.000
614.3 7.000
614.3 7.000
614.3 7.000
614.3 8.000
614.4 7.000
614.4 7.000
614.4 8.000
614.4 8.000
614.4 8.000
614.4 8.000
614.4 8.000
614.4 8.000
614.5 8.000
614.5 8.000
614.5 8.000
614.5 8.000
614.5 8.000
614.5 8.000
614.5 8.000
614.5 8.000
614.6 8.000
614.6 8.000
614.6 8.000
614.6 8.000
614.6 7.000
614.6 7.000
614.6 7.000
614.6 7.000
614.7 7.000
614.7 7.000
614.7 7.000
614.7 7.000
614.7 7.000
614.7 7.000
614.7 7.000
614.7 7.000
614.8 7.000
614.8 7.000
614.8 7.000
614.8 7.000
614.8 7.000
614.8 7.000
614.8 7.000
614.8 7.000
614.9 7.000
614.9 7.000
614.9 7.000
614.9 7.000
614.9 7.000
614.9 7.000
614.9 7.000
614.9 7.000
615.0 7.000
615.0 7.000
615.0 7.000
615.0 7.000
615.0 7.000
615.0 7.000
615.0 7.000
615.0 7.000
615.1 7.000
615.1 7.000
615.1 7.000
615.1 7.000
615.1 7.000
615.1 7.000
615.1 7.000
615.1 7.000
615.2 7.000
615.2 8.000
615.2 8.000
615.2 8.000
615.2 10.00
615.2 12.00
615.2 15.00
615.2 19.00
615.3 24.00
615.3 29.00
615.3 34.00
615.3 39.00
615.3 44.00
615.3 47.00
615.3 50.00
615.3 52.00
615.4 53.00
615.4 53.00
615.4 53.00
615.4 53.00
615.4 53.00
615.4 52.00
615.4 50.00
615.4 49.00
615.5 46.00
615.5 42.00
615.5 38.00
615.5 34.00
615.5 28.00
615.5 24.00
615.5 19.00
615.5 15.00
615.6 12.00
615.6 11.00
615.6 10.00
615.6 9.000
615.6 8.000
615.6 8.000
615.6 7.000
615.6 7.000
615.7 7.000
615.7 8.000
615.7 7.000
615.7 7.000
615.7 7.000
615.7 7.000
615.7 7.000
615.7 7.000
615.8 8.000
615.8 7.000
615.8 8.000
615.8 8.000
615.8 7.000
615.8 8.000
615.8 8.000
615.8 9.000
615.9 11.00
615.9 15.00
615.9 19.00
615.9 26.00
615.9 37.00
615.9 46.00
615.9 56.00
615.9 68.00
616.0 78.00
616.0 85.00
616.0 92.00
616.0 94.00
616.0 98.00
616.0 99.00
616.0 99.00
616.0 97.00
616.1 97.00
616.1 96.00
616.1 93.00
616.1 89.00
616.1 85.00
616.1 77.00
616.1 69.00
616.1 61.00
616.2 50.00
616.2 42.00
616.2 32.00
616.2 25.00
616.2 18.00
616.2 14.00
616.2 11.00
616.2 10.00
616.3 9.000
616.3 8.000
616.3 8.000
616.3 8.000
616.3 7.000
616.3 7.000
616.3 7.000
616.3 7.000
616.4 7.000
616.4 7.000
616.4 7.000
616.4 7.000
616.4 7.000
616.4 8.000
616.4 7.000
616.4 7.000
616.5 7.000
616.5 7.000
616.5 7.000
616.5 7.000
616.5 7.000
616.5 7.000
616.5 7.000
616.5 7.000
616.6 7.000
616.6 7.000
616.6 7.000
616.6 7.000
616.6 7.000
616.6 7.000
616.6 7.000
616.6 7.000
616.7 7.000
616.7 7.000
616.7 7.000
616.7 7.000
616.7 7.000
616.7 7.000
616.7 7.000
616.7 7.000
616.8 7.000
616.8 7.000
616.8 7.000
616.8 7.000
616.8 7.000
616.8 7.000
616.8 7.000
616.8 7.000
616.9 7.000
616.9 7.000
616.9 8.000
616.9 8.000
616.9 8.000
616.9 8.000
616.9 8.000
616.9 8.000
617.0 8.000
617.0 8.000
617.0 8.000
617.0 8.000
617.0 8.000
617.0 8.000
617.0 8.000
617.0 7.000
617.1 8.000
617.1 8.000
617.1 8.000
617.1 8.000
617.1 7.000
617.1 7.000
617.1 7.000
617.1 7.000
617.2 8.000
617.2 8.000
617.2 7.000
617.2 8.000
617.2 8.000
617.2 8.000
617.2 8.000
617.2 8.000
617.3 8.000
617.3 8.000
617.3 8.000
617.3 8.000
617.3 8.000
617.3 8.000
617.3 8.000
617.3 8.000
617.4 8.000
617.4 8.000
617.4 8.000
617.4 7.000
617.4 7.000
617.4 7.000
617.4 7.000
617.4 7.000
617.5 7.000
617.5 7.000
617.5 7.000
617.5 7.000
617.5 7.000
617.5 7.000
617.5 7.000
617.5 7.000
617.6 7.000
617.6 7.000
617.6 7.000
617.6 7.000
617.6 7.000
617.6 7.000
617.6 7.000
617.6 7.000
617.7 7.000
617.7 7.000
617.7 7.000
617.7 7.000
617.7 7.000
617.7 7.000
617.7 7.000
617.7 7.000
617.8 7.000
617.8 7.000
617.8 7.000
617.8 7.000
617.8 7.000
617.8 7.000
617.8 7.000
617.8 7.000
617.9 7.000
617.9 7.000
617.9 7.000
617.9 7.000
617.9 7.000
617.9 7.000
617.9 7.000
617.9 7.000
618.0 7.000
618.0 7.000
618.0 7.000
618.0 7.000
618.0 7.000
618.0 7.000
618.0 7.000
618.0 7.000
618.1 7.000
618.1 7.000
618.1 7.000
618.1 7.000
618.1 7.000
618.1 7.000
618.1 7.000
618.1 7.000
618.2 7.000
618.2 7.000
618.2 7.000
618.2 7.000
618.2 7.000
618.2 7.000
618.2 7.000
618.2 7.000
618.3 7.000
618.3 7.000
618.3 7.000
618.3 7.000
618.3 7.000
618.3 7.000
618.3 7.000
618.3 7.000
618.4 7.000
618.4 7.000
618.4 7.000
618.4 7.000
618.4 7.000
618.4 7.000
618.4 7.000
618.4 7.000
618.5 7.000
618.5 7.000
618.5 7.000
618.5 7.000
618.5 7.000
618.5 7.000
618.5 7.000
618.5 7.000
618.6 7.000
618.6 7.000
618.6 7.000
618.6 7.000
618.6 7.000
618.6 7.000
618.6 7.000
618.6 7.000
618.7 7.000
618.7 7.000
618.7 7.000
618.7 7.000
618.7 7.000
618.7 7.000
618.7 7.000
618.7 7.000
618.8 7.000
618.8 7.000
618.8 7.000
618.8 7.000
618.8 7.000
618.8 7.000
618.8 7.000
618.8 7.000
618.9 7.000
618.9 7.000
618.9 7.000
618.9 7.000
618.9 7.000
618.9 7.000
618.9 7.000
618.9 7.000
619.0 7.000
619.0 7.000
619.0 7.000
619.0 7.000
619.0 7.000
619.0 7.000
619.0 7.000
619.0 7.000
619.1 7.000
619.1 7.000
619.1 7.000
619.1 7.000
619.1 7.000
619.1 7.000
619.1 7.000
619.1 7.000
619.2 7.000
619.2 7.000
619.2 7.000
619.2 7.000
619.2 7.000
619.2 7.000
619.2 7.000
619.2 7.000
619.3 7.000
619.3 7.000
619.3 7.000
619.3 7.000
619.3 7.000
619.3 7.000
619.3 7.000
619.3 7.000
619.4 7.000
619.4 7.000
619.4 7.000
619.4 7.000
619.4 7.000
619.4 7.000
619.4 7.000
619.4 7.000
619.5 7.000
619.5 7.000
619.5 7.000
619.5 7.000
619.5 7.000
619.5 7.000
619.5 7.000
619.5 7.000
619.6 7.000
619.6 7.000
619.6 7.000
619.6 7.000
619.6 7.000
619.6 7.000
619.6 7.000
619.6 7.000
619.7 7.000
619.7 7.000
619.7 7.000
619.7 7.000
619.7 7.000
619.7 7.000
619.7 7.000
619.7 7.000
619.8 7.000
619.8 7.000
619.8 7.000
619.8 7.000
619.8 7.000
619.8 7.000
619.8 7.000
619.8 7.000
619.9 7.000
619.9 7.000
619.9 7.000
619.9 7.000
619.9 7.000
619.9 7.000
619.9 7.000
619.9 7.000
620.0 7.000
620.0 0.000
620.0 0.000
620.0 0.000
620.0 0.000
620.0 0.000
620.0 0.000
620.0 0.000
620.1 0.000
620.1 0.000
620.1 0.000
620.1 0.000
620.1 0.000
620.1 0.000
620.1 0.000
620.1 0.000
620.2 0.000
620.2 0.000
620.2 0.000
620.2 0.000
620.2 0.000
620.2 0.000
620.2 0.000
620.2 0.000
620.3 0.000
620.3 0.000
620.3 0.000
620.3 0.000
620.3 0.000
620.3 0.000
620.3 0.000
620.3 0.000
620.4 0.000
620.4 0.000
