565.0 18.00
565.0 17.00
565.0 18.00
565.0 17.00
565.0 16.00
565.0 17.00
565.0 16.00
565.0 16.00
565.1 16.00
565.1 15.00
565.1 15.00
565.1 15.00
565.1 14.00
565.1 12.00
565.1 12.00
565.1 12.00
565.2 11.00
565.2 11.00
565.2 11.00
565.2 11.00
565.2 10.00
565.2 11.00
565.2 10.00
565.2 10.00
565.3 11.00
565.3 10.00
565.3 11.00
565.3 10.00
565.3 10.00
565.3 10.00
565.3 11.00
565.3 10.00
565.4 10.00
565.4 10.00
565.4 10.00
565.4 11.00
565.4 11.00
565.4 10.00
565.4 10.00
565.4 11.00
565.5 10.00
565.5 11.00
565.5 11.00
565.5 11.00
565.5 10.00
565.5 11.00
565.5 10.00
565.5 11.00
565.6 11.00
565.6 10.00
565.6 11.00
565.6 10.00
565.6 10.00
565.6 10.00
565.6 10.00
565.6 11.00
565.7 11.00
565.7 10.00
565.7 11.00
565.7 11.00
565.7 11.00
565.7 11.00
565.7 11.00
565.7 11.00
565.8 11.00
565.8 11.00
565.8 12.00
565.8 11.00
565.8 12.00
565.8 11.00
565.8 11.00
565.8 12.00
565.9 12.00
565.9 11.00
565.9 11.00
565.9 11.00
565.9 11.00
565.9 11.00
565.9 12.00
565.9 11.00
566.0 11.00
566.0 11.00
566.0 11.00
566.0 11.00
566.0 11.00
566.0 10.00
566.0 11.00
566.0 10.00
566.1 10.00
566.1 10.00
566.1 10.00
566.1 11.00
566.1 10.00
566.1 11.00
566.1 10.00
566.1 11.00
566.2 10.00
566.2 11.00
566.2 11.00
566.2 11.00
566.2 11.00
566.2 11.00
566.2 11.00
566.2 10.00
566.3 11.00
566.3 10.00
566.3 11.00
566.3 11.00
566.3 11.00
566.3 11.00
566.3 11.00
566.3 11.00
566.4 11.00
566.4 10.00
566.4 11.00
566.4 11.00
566.4 11.00
566.4 11.00
566.4 11.00
566.4 11.00
566.5 10.00
566.5 11.00
566.5 11.00
566.5 11.00
566.5 11.00
566.5 10.00
566.5 11.00
566.5 10.00
566.6 11.00
566.6 11.00
566.6 11.00
566.6 11.00
566.6 10.00
566.6 11.00
566.6 11.00
566.6 12.00
566.7 11.00
566.7 11.00
566.7 11.00
566.7 11.00
566.7 11.00
566.7 11.00
566.7 11.00
566.7 11.00
566.8 11.00
566.8 11.00
566.8 11.00
566.8 11.00
566.8 11.00
566.8 11.00
566.8 10.00
566.8 11.00
566.9 10.00
566.9 11.00
566.9 11.00
566.9 11.00
566.9 11.00
566.9 11.00
566.9 11.00
566.9 11.00
567.0 11.00
567.0 11.00
567.0 11.00
567.0 11.00
567.0 10.00
567.0 11.00
567.0 11.00
567.0 11.00
567.1 11.00
567.1 11.00
567.1 11.00
567.1 11.00
567.1 11.00
567.1 11.00
567.1 11.00
567.1 11.00
567.2 11.00
567.2 11.00
567.2 11.00
567.2 11.00
567.2 11.00
567.2 11.00
567.2 11.00
567.2 11.00
567.3 11.00
567.3 11.00
567.3 11.00
567.3 11.00
567.3 11.00
567.3 11.00
567.3 11.00
567.3 11.00
567.4 11.00
567.4 11.00
567.4 11.00
567.4 11.00
567.4 12.00
567.4 11.00
567.4 11.00
567.4 11.00
567.5 11.00
567.5 11.00
567.5 11.00
567.5 11.00
567.5 11.00
567.5 11.00
567.5 11.00
567.5 11.00
567.6 11.00
567.6 12.00
567.6 12.00
567.6 12.00
567.6 11.00
567.6 12.00
567.6 11.00
567.6 11.00
567.7 11.00
567.7 11.00
567.7 11.00
567.7 11.00
567.7 11.00
567.7 12.00
567.7 12.00
567.7 12.00
567.8 11.00
567.8 12.00
567.8 12.00
567.8 12.00
567.8 12.00
567.8 12.00
567.8 12.00
567.8 12.00
567.9 12.00
567.9 12.00
567.9 12.00
567.9 13.00
567.9 12.00
567.9 13.00
567.9 13.00
567.9 13.00
568.0 13.00
568.0 16.00
568.0 17.00
568.0 23.00
568.0 35.00
568.0 56.00
568.0 98.00
568.0 162.00
568.1 250.00
568.1 352.00
568.1 461.00
568.1 590.00
568.1 719.00
568.1 838.00
568.1 948.00
568.1 1029.0
568.2 1103.0
568.2 1147.0
568.2 1156.0
568.2 1161.0
568.2 1177.0
568.2 1171.0
568.2 1123.0
568.2 1137.0
568.3 1099.0
568.3 1024.0
568.3 1000.0
568.3 907.00
568.3 782.00
568.3 671.00
568.3 583.00
568.3 419.00
568.4 362.00
568.4 261.00
568.4 190.00
568.4 592.00
568.4 77.00
568.4 54.00
568.4 37.00
568.4 28.00
568.5 25.00
568.5 20.00
568.5 19.00
568.5 18.00
568.5 18.00
568.5 19.00
568.5 21.00
568.5 22.00
568.6 25.00
568.6 35.00
568.6 51.00
568.6 99.00
568.6 173.00
568.6 278.00
568.6 424.00
568.6 613.00
568.7 800.00
568.7 1064.0
568.7 1302.0
568.7 1549.0
568.7 1758.0
568.7 1951.0
568.7 2072.0
568.7 2204.0
568.8 2254.0
568.8 2287.0
568.8 2282.0
568.8 2294.0
568.8 2283.0
568.8 2259.0
568.8 2198.0
568.8 2122.0
568.9 2022.0
568.9 1894.0
568.9 1759.0
568.9 1478.0
568.9 1319.0
568.9 1070.0
568.9 846.00
568.9 653.00
569.0 475.00
569.0 311.00
569.0 214.00
569.0 129.00
569.0 83.00
569.0 58.00
569.0 42.00
569.0 32.00
569.1 28.00
569.1 24.00
569.1 21.00
569.1 20.00
569.1 20.00
569.1 19.00
569.1 17.00
569.1 17.00
569.2 17.00
569.2 17.00
569.2 16.00
569.2 15.00
569.2 16.00
569.2 15.00
569.2 15.00
569.2 15.00
569.3 15.00
569.3 14.00
569.3 14.00
569.3 14.00
569.3 14.00
569.3 13.00
569.3 14.00
569.3 14.00
569.4 14.00
569.4 13.00
569.4 13.00
569.4 13.00
569.4 13.00
569.4 12.00
569.4 13.00
569.4 13.00
569.5 12.00
569.5 13.00
569.5 13.00
569.5 12.00
569.5 13.00
569.5 12.00
569.5 12.00
569.5 12.00
569.6 12.00
569.6 12.00
569.6 12.00
569.6 12.00
569.6 12.00
569.6 12.00
569.6 12.00
569.6 12.00
569.7 12.00
569.7 12.00
569.7 12.00
569.7 12.00
569.7 11.00
569.7 12.00
569.7 12.00
569.7 12.00
569.8 12.00
569.8 12.00
569.8 12.00
569.8 13.00
569.8 12.00
569.8 11.00
569.8 12.00
569.8 12.00
569.9 12.00
569.9 12.00
569.9 12.00
569.9 12.00
569.9 12.00
569.9 12.00
569.9 12.00
569.9 12.00
570.0 12.00
570.0 12.00
570.0 12.00
570.0 12.00
570.0 12.00
570.0 12.00
570.0 12.00
570.0 12.00
570.1 12.00
570.1 12.00
570.1 12.00
570.1 13.00
570.1 12.00
570.1 12.00
570.1 12.00
570.1 12.00
570.2 12.00
570.2 12.00
570.2 12.00
570.2 12.00
570.2 12.00
570.2 12.00
570.2 12.00
570.2 12.00
570.3 12.00
570.3 12.00
570.3 12.00
570.3 12.00
570.3 12.00
570.3 12.00
570.3 11.00
570.3 12.00
570.4 11.00
570.4 11.00
570.4 12.00
570.4 12.00
570.4 11.00
570.4 12.00
570.4 11.00
570.4 12.00
570.5 12.00
570.5 12.00
570.5 12.00
570.5 12.00
570.5 11.00
570.5 11.00
570.5 11.00
570.5 12.00
570.6 12.00
570.6 12.00
570.6 12.00
570.6 11.00
570.6 12.00
570.6 12.00
570.6 12.00
570.6 12.00
570.7 12.00
570.7 11.00
570.7 12.00
570.7 12.00
570.7 12.00
570.7 12.00
570.7 11.00
570.7 12.00
570.8 12.00
570.8 12.00
570.8 12.00
570.8 12.00
570.8 12.00
570.8 11.00
570.8 12.00
570.8 11.00
570.9 12.00
570.9 12.00
570.9 12.00
570.9 12.00
570.9 12.00
570.9 11.00
570.9 12.00
570.9 12.00
571.0 12.00
571.0 11.00
571.0 11.00
571.0 12.00
571.0 12.00
571.0 11.00
571.0 12.00
571.0 11.00
571.1 12.00
571.1 12.00
571.1 12.00
571.1 12.00
571.1 12.00
571.1 11.00
571.1 11.00
571.1 12.00
571.2 12.00
571.2 12.00
571.2 12.00
571.2 12.00
571.2 12.00
571.2 12.00
571.2 12.00
571.2 12.00
571.3 12.00
571.3 12.00
571.3 12.00
571.3 12.00
571.3 12.00
571.3 12.00
571.3 12.00
571.3 12.00
571.4 12.00
571.4 12.00
571.4 12.00
571.4 12.00
571.4 12.00
571.4 12.00
571.4 12.00
571.4 11.00
571.5 12.00
571.5 12.00
571.5 11.00
571.5 12.00
571.5 12.00
571.5 12.00
571.5 12.00
571.5 11.00
571.6 12.00
571.6 12.00
571.6 12.00
571.6 12.00
571.6 12.00
571.6 12.00
571.6 12.00
571.6 12.00
571.7 12.00
571.7 12.00
571.7 11.00
571.7 11.00
571.7 11.00
571.7 12.00
571.7 12.00
571.7 12.00
571.8 12.00
571.8 11.00
571.8 12.00
571.8 12.00
571.8 12.00
571.8 12.00
571.8 12.00
571.8 12.00
571.9 11.00
571.9 12.00
571.9 12.00
571.9 12.00
571.9 11.00
571.9 12.00
571.9 12.00
571.9 11.00
572.0 12.00
572.0 12.00
572.0 12.00
572.0 12.00
572.0 12.00
572.0 12.00
572.0 11.00
572.0 12.00
572.1 12.00
572.1 12.00
572.1 12.00
572.1 11.00
572.1 12.00
572.1 12.00
572.1 12.00
572.1 11.00
572.2 13.00
572.2 11.00
572.2 12.00
572.2 12.00
572.2 12.00
572.2 12.00
572.2 11.00
572.2 12.00
572.3 13.00
572.3 12.00
572.3 12.00
572.3 12.00
572.3 12.00
572.3 12.00
572.3 12.00
572.3 11.00
572.4 12.00
572.4 12.00
572.4 12.00
572.4 12.00
572.4 12.00
572.4 12.00
572.4 12.00
572.4 12.00
572.5 12.00
572.5 13.00
572.5 12.00
572.5 11.00
572.5 12.00
572.5 12.00
572.5 12.00
572.5 12.00
572.6 12.00
572.6 12.00
572.6 12.00
572.6 11.00
572.6 12.00
572.6 12.00
572.6 11.00
572.6 12.00
572.7 12.00
572.7 12.00
572.7 12.00
572.7 12.00
572.7 12.00
572.7 12.00
572.7 13.00
572.7 12.00
572.8 12.00
572.8 12.00
572.8 12.00
572.8 12.00
572.8 12.00
572.8 12.00
572.8 12.00
572.8 12.00
572.9 12.00
572.9 13.00
572.9 12.00
572.9 12.00
572.9 12.00
572.9 12.00
572.9 12.00
572.9 13.00
573.0 13.00
573.0 12.00
573.0 12.00
573.0 12.00
573.0 12.00
573.0 12.00
573.0 12.00
573.0 13.00
573.1 12.00
573.1 12.00
573.1 12.00
573.1 12.00
573.1 13.00
573.1 12.00
573.1 12.00
573.1 12.00
573.2 13.00
573.2 13.00
573.2 13.00
573.2 13.00
573.2 12.00
573.2 13.00
573.2 13.00
573.2 12.00
573.3 13.00
573.3 13.00
573.3 12.00
573.3 13.00
573.3 12.00
573.3 13.00
573.3 12.00
573.3 12.00
573.4 12.00
573.4 12.00
573.4 13.00
573.4 12.00
573.4 13.00
573.4 12.00
573.4 13.00
573.4 12.00
573.5 13.00
573.5 12.00
573.5 12.00
573.5 12.00
573.5 12.00
573.5 13.00
573.5 12.00
573.5 13.00
573.6 13.00
573.6 12.00
573.6 13.00
573.6 12.00
573.6 13.00
573.6 13.00
573.6 13.00
573.6 13.00
573.7 13.00
573.7 13.00
573.7 14.00
573.7 14.00
573.7 15.00
573.7 14.00
573.7 15.00
573.7 15.00
573.8 16.00
573.8 16.00
573.8 16.00
573.8 17.00
573.8 17.00
573.8 17.00
573.8 16.00
573.8 17.00
573.9 17.00
573.9 17.00
573.9 16.00
573.9 17.00
573.9 15.00
573.9 16.00
573.9 16.00
573.9 16.00
574.0 15.00
574.0 14.00
574.0 15.00
574.0 14.00
574.0 14.00
574.0 14.00
574.0 14.00
574.0 14.00
574.1 13.00
574.1 13.00
574.1 13.00
574.1 12.00
574.1 13.00
574.1 13.00
574.1 12.00
574.1 13.00
574.2 13.00
574.2 13.00
574.2 13.00
574.2 13.00
574.2 13.00
574.2 12.00
574.2 13.00
574.2 13.00
574.3 14.00
574.3 12.00
574.3 13.00
574.3 13.00
574.3 12.00
574.3 13.00
574.3 13.00
574.3 13.00
574.4 13.00
574.4 13.00
574.4 13.00
574.4 13.00
574.4 12.00
574.4 13.00
574.4 13.00
574.4 12.00
574.5 13.00
574.5 13.00
574.5 13.00
574.5 13.00
574.5 14.00
574.5 12.00
574.5 13.00
574.5 14.00
574.6 13.00
574.6 14.00
574.6 13.00
574.6 13.00
574.6 13.00
574.6 13.00
574.6 12.00
574.6 13.00
574.7 14.00
574.7 13.00
574.7 13.00
574.7 14.00
574.7 13.00
574.7 13.00
574.7 13.00
574.7 13.00
574.8 13.00
574.8 13.00
574.8 13.00
574.8 13.00
574.8 13.00
574.8 13.00
574.8 13.00
574.8 14.00
574.9 13.00
574.9 12.00
574.9 13.00
574.9 14.00
574.9 13.00
574.9 13.00
574.9 13.00
574.9 13.00
575.0 13.00
575.0 0.000
575.0 0.000
575.0 0.000
575.0 0.000
575.0 0.000
575.0 0.000
575.0 0.000
575.1 0.000
575.1 0.000
575.1 0.000
575.1 0.000
575.1 0.000
575.1 0.000
575.1 0.000
575.1 0.000
575.2 0.000
575.2 0.000
575.2 0.000
575.2 0.000
575.2 0.000
575.2 0.000
575.2 0.000
575.2 0.000
575.3 0.000
575.3 0.000
575.3 0.000
575.3 0.000
575.3 0.000
575.3 0.000
575.3 0.000
575.3 0.000
575.4 0.000
575.4 0.000
