495.0 12.00
495.0 13.00
495.0 12.00
495.0 13.00
495.0 12.00
495.0 12.00
495.0 13.00
495.0 11.00
495.1 12.00
495.1 13.00
495.1 12.00
495.1 12.00
495.1 13.00
495.1 13.00
495.1 12.00
495.1 12.00
495.2 13.00
495.2 12.00
495.2 12.00
495.2 12.00
495.2 12.00
495.2 13.00
495.2 12.00
495.2 13.00
495.3 12.00
495.3 13.00
495.3 12.00
495.3 12.00
495.3 12.00
495.3 13.00
495.3 13.00
495.3 13.00
495.4 12.00
495.4 12.00
495.4 14.00
495.4 12.00
495.4 13.00
495.4 14.00
495.4 14.00
495.4 14.00
495.5 14.00
495.5 14.00
495.5 16.00
495.5 15.00
495.5 15.00
495.5 16.00
495.5 15.00
495.5 15.00
495.6 15.00
495.6 16.00
495.6 15.00
495.6 17.00
495.6 16.00
495.6 15.00
495.6 15.00
495.6 14.00
495.7 14.00
495.7 14.00
495.7 14.00
495.7 13.00
495.7 14.00
495.7 13.00
495.7 12.00
495.7 12.00
495.8 13.00
495.8 12.00
495.8 13.00
495.8 12.00
495.8 12.00
495.8 12.00
495.8 12.00
495.8 12.00
495.9 13.00
495.9 12.00
495.9 12.00
495.9 12.00
495.9 11.00
495.9 13.00
495.9 12.00
495.9 12.00
496.0 12.00
496.0 12.00
496.0 13.00
496.0 12.00
496.0 11.00
496.0 12.00
496.0 11.00
496.0 12.00
496.1 12.00
496.1 12.00
496.1 12.00
496.1 11.00
496.1 12.00
496.1 12.00
496.1 11.00
496.1 12.00
496.2 12.00
496.2 12.00
496.2 12.00
496.2 13.00
496.2 12.00
496.2 12.00
496.2 12.00
496.2 13.00
496.3 12.00
496.3 12.00
496.3 13.00
496.3 11.00
496.3 12.00
496.3 12.00
496.3 12.00
496.3 12.00
496.4 13.00
496.4 12.00
496.4 12.00
496.4 12.00
496.4 12.00
496.4 13.00
496.4 12.00
496.4 11.00
496.5 11.00
496.5 12.00
496.5 12.00
496.5 13.00
496.5 12.00
496.5 12.00
496.5 12.00
496.5 12.00
496.6 12.00
496.6 12.00
496.6 12.00
496.6 12.00
496.6 12.00
496.6 12.00
496.6 12.00
496.6 12.00
496.7 13.00
496.7 12.00
496.7 12.00
496.7 12.00
496.7 12.00
496.7 12.00
496.7 12.00
496.7 12.00
496.8 12.00
496.8 12.00
496.8 13.00
496.8 12.00
496.8 11.00
496.8 12.00
496.8 12.00
496.8 12.00
496.9 12.00
496.9 12.00
496.9 12.00
496.9 12.00
496.9 12.00
496.9 12.00
496.9 12.00
496.9 12.00
497.0 12.00
497.0 12.00
497.0 11.00
497.0 12.00
497.0 12.00
497.0 12.00
497.0 12.00
497.0 12.00
497.1 12.00
497.1 12.00
497.1 12.00
497.1 12.00
497.1 12.00
497.1 12.00
497.1 12.00
497.1 12.00
497.2 12.00
497.2 12.00
497.2 12.00
497.2 13.00
497.2 12.00
497.2 13.00
497.2 12.00
497.2 12.00
497.3 12.00
497.3 12.00
497.3 12.00
497.3 12.00
497.3 13.00
497.3 13.00
497.3 12.00
497.3 13.00
497.4 13.00
497.4 13.00
497.4 13.00
497.4 12.00
497.4 13.00
497.4 13.00
497.4 13.00
497.4 13.00
497.5 13.00
497.5 13.00
497.5 13.00
497.5 13.00
497.5 13.00
497.5 13.00
497.5 14.00
497.5 17.00
497.6 23.00
497.6 31.00
497.6 43.00
497.6 62.00
497.6 80.00
497.6 111.00
497.6 133.00
497.6 157.00
497.7 194.00
497.7 214.00
497.7 231.00
497.7 248.00
497.7 253.00
497.7 260.00
497.7 263.00
497.7 264.00
497.8 266.00
497.8 261.00
497.8 253.00
497.8 254.00
497.8 250.00
497.8 234.00
497.8 223.00
497.8 204.00
497.9 176.00
497.9 155.00
497.9 128.00
497.9 102.00
497.9 80.00
497.9 60.00
497.9 43.00
497.9 34.00
498.0 26.00
498.0 24.00
498.0 27.00
498.0 33.00
498.0 50.00
498.0 73.00
498.0 107.00
498.0 149.00
498.1 200.00
498.1 243.00
498.1 298.00
498.1 354.00
498.1 395.00
498.1 431.00
498.1 471.00
498.1 486.00
498.2 501.00
498.2 508.00
498.2 515.00
498.2 509.00
498.2 510.00
498.2 506.00
498.2 493.00
498.2 481.00
498.3 459.00
498.3 427.00
498.3 393.00
498.3 350.00
498.3 296.00
498.3 245.00
498.3 202.00
498.3 150.00
498.4 106.00
498.4 78.00
498.4 56.00
498.4 513.00
498.4 28.00
498.4 23.00
498.4 21.00
498.4 18.00
498.5 16.00
498.5 15.00
498.5 15.00
498.5 15.00
498.5 14.00
498.5 14.00
498.5 14.00
498.5 13.00
498.6 14.00
498.6 13.00
498.6 13.00
498.6 13.00
498.6 13.00
498.6 13.00
498.6 13.00
498.6 13.00
498.7 13.00
498.7 13.00
498.7 12.00
498.7 13.00
498.7 13.00
498.7 13.00
498.7 13.00
498.7 13.00
498.8 12.00
498.8 12.00
498.8 13.00
498.8 13.00
498.8 13.00
498.8 13.00
498.8 13.00
498.8 14.00
498.9 13.00
498.9 14.00
498.9 13.00
498.9 14.00
498.9 14.00
498.9 14.00
498.9 13.00
498.9 14.00
499.0 13.00
499.0 14.00
499.0 14.00
499.0 12.00
499.0 13.00
499.0 14.00
499.0 13.00
499.0 13.00
499.1 13.00
499.1 13.00
499.1 13.00
499.1 12.00
499.1 12.00
499.1 13.00
499.1 13.00
499.1 12.00
499.2 12.00
499.2 11.00
499.2 12.00
499.2 13.00
499.2 12.00
499.2 12.00
499.2 12.00
499.2 12.00
499.3 12.00
499.3 13.00
499.3 12.00
499.3 12.00
499.3 12.00
499.3 12.00
499.3 12.00
499.3 11.00
499.4 11.00
499.4 12.00
499.4 12.00
499.4 11.00
499.4 12.00
499.4 12.00
499.4 12.00
499.4 12.00
499.5 13.00
499.5 12.00
499.5 12.00
499.5 12.00
499.5 12.00
499.5 11.00
499.5 12.00
499.5 12.00
499.6 12.00
499.6 12.00
499.6 12.00
499.6 12.00
499.6 12.00
499.6 12.00
499.6 12.00
499.6 13.00
499.7 12.00
499.7 11.00
499.7 12.00
499.7 12.00
499.7 12.00
499.7 12.00
499.7 11.00
499.7 12.00
499.8 12.00
499.8 12.00
499.8 13.00
499.8 12.00
499.8 11.00
499.8 12.00
499.8 12.00
499.8 12.00
499.9 11.00
499.9 12.00
499.9 11.00
499.9 12.00
499.9 11.00
499.9 12.00
499.9 12.00
499.9 12.00
500.0 12.00
500.0 12.00
500.0 12.00
500.0 12.00
500.0 12.00
500.0 12.00
500.0 12.00
500.0 11.00
500.1 12.00
500.1 12.00
500.1 12.00
500.1 12.00
500.1 12.00
500.1 12.00
500.1 12.00
500.1 11.00
500.2 13.00
500.2 12.00
500.2 11.00
500.2 12.00
500.2 12.00
500.2 12.00
500.2 12.00
500.2 12.00
500.3 13.00
500.3 12.00
500.3 12.00
500.3 12.00
500.3 12.00
500.3 12.00
500.3 12.00
500.3 12.00
500.4 12.00
500.4 13.00
500.4 13.00
500.4 13.00
500.4 12.00
500.4 13.00
500.4 12.00
500.4 12.00
500.5 12.00
500.5 13.00
500.5 12.00
500.5 13.00
500.5 12.00
500.5 12.00
500.5 13.00
500.5 13.00
500.6 12.00
500.6 12.00
500.6 12.00
500.6 12.00
500.6 12.00
500.6 12.00
500.6 12.00
500.6 12.00
500.7 12.00
500.7 12.00
500.7 12.00
500.7 12.00
500.7 12.00
500.7 11.00
500.7 12.00
500.7 12.00
500.8 12.00
500.8 12.00
500.8 12.00
500.8 12.00
500.8 12.00
500.8 12.00
500.8 12.00
500.8 12.00
500.9 13.00
500.9 12.00
500.9 12.00
500.9 13.00
500.9 13.00
500.9 11.00
500.9 12.00
500.9 12.00
501.0 12.00
501.0 12.00
501.0 12.00
501.0 12.00
501.0 12.00
501.0 12.00
501.0 12.00
501.0 12.00
501.1 12.00
501.1 12.00
501.1 12.00
501.1 12.00
501.1 12.00
501.1 12.00
501.1 13.00
501.1 11.00
501.2 12.00
501.2 12.00
501.2 12.00
501.2 12.00
501.2 12.00
501.2 12.00
501.2 13.00
501.2 12.00
501.3 12.00
501.3 13.00
501.3 12.00
501.3 13.00
501.3 13.00
501.3 12.00
501.3 12.00
501.3 12.00
501.4 12.00
501.4 12.00
501.4 12.00
501.4 12.00
501.4 12.00
501.4 12.00
501.4 12.00
501.4 12.00
501.5 13.00
501.5 13.00
501.5 12.00
501.5 12.00
501.5 12.00
501.5 12.00
501.5 12.00
501.5 13.00
501.6 12.00
501.6 12.00
501.6 12.00
501.6 12.00
501.6 13.00
501.6 12.00
501.6 12.00
501.6 12.00
501.7 11.00
501.7 12.00
501.7 12.00
501.7 12.00
501.7 13.00
501.7 12.00
501.7 12.00
501.7 12.00
501.8 12.00
501.8 12.00
501.8 11.00
501.8 12.00
501.8 12.00
501.8 12.00
501.8 13.00
501.8 12.00
501.9 11.00
501.9 12.00
501.9 12.00
501.9 12.00
501.9 13.00
501.9 12.00
501.9 12.00
501.9 12.00
502.0 12.00
502.0 12.00
502.0 12.00
502.0 12.00
502.0 12.00
502.0 12.00
502.0 12.00
502.0 12.00
502.1 12.00
502.1 11.00
502.1 12.00
502.1 13.00
502.1 12.00
502.1 12.00
502.1 12.00
502.1 12.00
502.2 12.00
502.2 12.00
502.2 12.00
502.2 12.00
502.2 12.00
502.2 12.00
502.2 12.00
502.2 12.00
502.3 12.00
502.3 12.00
502.3 12.00
502.3 12.00
502.3 12.00
502.3 12.00
502.3 11.00
502.3 11.00
502.4 12.00
502.4 12.00
502.4 12.00
502.4 12.00
502.4 11.00
502.4 12.00
502.4 12.00
502.4 12.00
502.5 11.00
502.5 12.00
502.5 12.00
502.5 12.00
502.5 12.00
502.5 12.00
502.5 12.00
502.5 12.00
502.6 12.00
502.6 12.00
502.6 12.00
502.6 12.00
502.6 11.00
502.6 12.00
502.6 12.00
502.6 12.00
502.7 11.00
502.7 12.00
502.7 12.00
502.7 12.00
502.7 12.00
502.7 12.00
502.7 12.00
502.7 12.00
502.8 12.00
502.8 12.00
502.8 12.00
502.8 12.00
502.8 12.00
502.8 12.00
502.8 12.00
502.8 11.00
502.9 12.00
502.9 13.00
502.9 12.00
502.9 12.00
502.9 12.00
502.9 12.00
502.9 12.00
502.9 12.00
503.0 13.00
503.0 12.00
503.0 12.00
503.0 11.00
503.0 13.00
503.0 13.00
503.0 13.00
503.0 13.00
503.1 13.00
503.1 12.00
503.1 13.00
503.1 13.00
503.1 13.00
503.1 13.00
503.1 12.00
503.1 13.00
503.2 13.00
503.2 13.00
503.2 13.00
503.2 13.00
503.2 13.00
503.2 12.00
503.2 13.00
503.2 12.00
503.3 12.00
503.3 12.00
503.3 13.00
503.3 13.00
503.3 13.00
503.3 13.00
503.3 13.00
503.3 13.00
503.4 13.00
503.4 12.00
503.4 14.00
503.4 12.00
503.4 12.00
503.4 13.00
503.4 13.00
503.4 13.00
503.5 12.00
503.5 12.00
503.5 13.00
503.5 13.00
503.5 13.00
503.5 12.00
503.5 13.00
503.5 12.00
503.6 12.00
503.6 12.00
503.6 12.00
503.6 11.00
503.6 12.00
503.6 12.00
503.6 12.00
503.6 13.00
503.7 12.00
503.7 12.00
503.7 12.00
503.7 11.00
503.7 12.00
503.7 11.00
503.7 12.00
503.7 11.00
503.8 12.00
503.8 12.00
503.8 11.00
503.8 13.00
503.8 12.00
503.8 12.00
503.8 12.00
503.8 12.00
503.9 12.00
503.9 12.00
503.9 12.00
503.9 12.00
503.9 13.00
503.9 12.00
503.9 11.00
503.9 13.00
504.0 12.00
504.0 12.00
504.0 13.00
504.0 12.00
504.0 12.00
504.0 12.00
504.0 12.00
504.0 13.00
504.1 13.00
504.1 12.00
504.1 12.00
504.1 12.00
504.1 12.00
504.1 12.00
504.1 12.00
504.1 12.00
504.2 12.00
504.2 12.00
504.2 12.00
504.2 12.00
504.2 12.00
504.2 12.00
504.2 12.00
504.2 12.00
504.3 12.00
504.3 12.00
504.3 12.00
504.3 12.00
504.3 12.00
504.3 12.00
504.3 11.00
504.3 12.00
504.4 12.00
504.4 12.00
504.4 12.00
504.4 12.00
504.4 12.00
504.4 12.00
504.4 12.00
504.4 13.00
504.5 12.00
504.5 12.00
504.5 12.00
504.5 12.00
504.5 13.00
504.5 12.00
504.5 13.00
504.5 12.00
504.6 11.00
504.6 12.00
504.6 13.00
504.6 11.00
504.6 13.00
504.6 13.00
504.6 14.00
504.6 14.00
504.7 13.00
504.7 14.00
504.7 14.00
504.7 15.00
504.7 14.00
504.7 14.00
504.7 14.00
504.7 14.00
504.8 15.00
504.8 15.00
504.8 15.00
504.8 13.00
504.8 15.00
504.8 13.00
504.8 14.00
504.8 14.00
504.9 14.00
504.9 14.00
504.9 14.00
504.9 13.00
504.9 13.00
504.9 12.00
504.9 13.00
504.9 13.00
505.0 13.00
505.0 0.000
505.0 0.000
505.0 0.000
505.0 0.000
505.0 0.000
505.0 0.000
505.0 0.000
505.1 0.000
505.1 0.000
505.1 0.000
505.1 0.000
505.1 0.000
505.1 0.000
505.1 0.000
505.1 0.000
505.2 0.000
505.2 0.000
505.2 0.000
505.2 0.000
505.2 0.000
505.2 0.000
505.2 0.000
505.2 0.000
505.3 0.000
505.3 0.000
505.3 0.000
505.3 0.000
505.3 0.000
505.3 0.000
505.3 0.000
505.3 0.000
505.4 0.000
505.4 0.000
