690.0 19.00
690.0 19.00
690.0 20.00
690.0 19.00
690.0 19.00
690.0 19.00
690.0 19.00
690.0 19.00
690.1 20.00
690.1 20.00
690.1 20.00
690.1 20.00
690.1 20.00
690.1 20.00
690.1 20.00
690.1 20.00
690.2 20.00
690.2 20.00
690.2 21.00
690.2 20.00
690.2 20.00
690.2 20.00
690.2 21.00
690.2 21.00
690.3 21.00
690.3 21.00
690.3 21.00
690.3 21.00
690.3 21.00
690.3 21.00
690.3 21.00
690.3 22.00
690.4 21.00
690.4 22.00
690.4 22.00
690.4 22.00
690.4 22.00
690.4 22.00
690.4 23.00
690.4 23.00
690.5 23.00
690.5 23.00
690.5 23.00
690.5 23.00
690.5 23.00
690.5 23.00
690.5 23.00
690.5 23.00
690.6 23.00
690.6 23.00
690.6 24.00
690.6 24.00
690.6 24.00
690.6 24.00
690.6 24.00
690.6 25.00
690.7 24.00
690.7 25.00
690.7 25.00
690.7 25.00
690.7 25.00
690.7 25.00
690.7 26.00
690.7 26.00
690.8 26.00
690.8 26.00
690.8 26.00
690.8 26.00
690.8 26.00
690.8 27.00
690.8 27.00
690.8 27.00
690.9 27.00
690.9 28.00
690.9 28.00
690.9 27.00
690.9 28.00
690.9 28.00
690.9 29.00
690.9 28.00
691.0 30.00
691.0 30.00
691.0 30.00
691.0 30.00
691.0 30.00
691.0 31.00
691.0 31.00
691.0 31.00
691.1 32.00
691.1 32.00
691.1 32.00
691.1 33.00
691.1 32.00
691.1 33.00
691.1 33.00
691.1 33.00
691.2 34.00
691.2 34.00
691.2 35.00
691.2 35.00
691.2 36.00
691.2 36.00
691.2 36.00
691.2 36.00
691.3 37.00
691.3 37.00
691.3 37.00
691.3 38.00
691.3 39.00
691.3 39.00
691.3 39.00
691.3 40.00
691.4 40.00
691.4 40.00
691.4 42.00
691.4 41.00
691.4 43.00
691.4 42.00
691.4 44.00
691.4 44.00
691.5 44.00
691.5 46.00
691.5 45.00
691.5 46.00
691.5 47.00
691.5 48.00
691.5 49.00
691.5 49.00
691.6 50.00
691.6 51.00
691.6 51.00
691.6 52.00
691.6 53.00
691.6 54.00
691.6 55.00
691.6 55.00
691.7 57.00
691.7 57.00
691.7 58.00
691.7 58.00
691.7 59.00
691.7 60.00
691.7 62.00
691.7 63.00
691.8 64.00
691.8 66.00
691.8 67.00
691.8 68.00
691.8 69.00
691.8 72.00
691.8 72.00
691.8 74.00
691.9 76.00
691.9 77.00
691.9 79.00
691.9 80.00
691.9 82.00
691.9 84.00
691.9 85.00
691.9 88.00
692.0 90.00
692.0 92.00
692.0 94.00
692.0 96.00
692.0 99.00
692.0 101.00
692.0 105.00
692.0 107.00
692.1 110.00
692.1 113.00
692.1 116.00
692.1 121.00
692.1 123.00
692.1 128.00
692.1 133.00
692.1 136.00
692.2 141.00
692.2 147.00
692.2 149.00
692.2 154.00
692.2 161.00
692.2 167.00
692.2 171.00
692.2 177.00
692.3 186.00
692.3 191.00
692.3 199.00
692.3 205.00
692.3 213.00
692.3 223.00
692.3 232.00
692.3 242.00
692.4 254.00
692.4 266.00
692.4 276.00
692.4 289.00
692.4 304.00
692.4 318.00
692.4 335.00
692.4 351.00
692.5 344.00
692.5 395.00
692.5 384.00
692.5 407.00
692.5 461.00
692.5 488.00
692.5 515.00
692.5 517.00
692.6 577.00
692.6 614.00
692.6 645.00
692.6 690.00
692.6 729.00
692.6 773.00
692.6 790.00
692.6 863.00
692.7 859.00
692.7 956.00
692.7 1005.0
692.7 1055.0
692.7 1103.0
692.7 1129.0
692.7 1195.0
692.7 1239.0
692.8 1257.0
692.8 1321.0
692.8 1347.0
692.8 1373.0
692.8 1401.0
692.8 1424.0
692.8 1433.0
692.8 1439.0
692.9 1439.0
692.9 1430.0
692.9 1421.0
692.9 1400.0
692.9 1373.0
692.9 1345.0
692.9 1314.0
692.9 1276.0
693.0 1242.0
693.0 1196.0
693.0 1158.0
693.0 1092.0
693.0 1072.0
693.0 1027.0
693.0 986.00
693.0 916.00
693.1 903.00
693.1 867.00
693.1 835.00
693.1 767.00
693.1 760.00
693.1 732.00
693.1 701.00
693.1 645.00
693.2 649.00
693.2 624.00
693.2 601.00
693.2 580.00
693.2 560.00
693.2 542.00
693.2 528.00
693.2 512.00
693.3 498.00
693.3 484.00
693.3 474.00
693.3 460.00
693.3 451.00
693.3 441.00
693.3 434.00
693.3 426.00
693.4 421.00
693.4 417.00
693.4 412.00
693.4 408.00
693.4 404.00
693.4 403.00
693.4 401.00
693.4 400.00
693.5 399.00
693.5 401.00
693.5 402.00
693.5 401.00
693.5 406.00
693.5 409.00
693.5 413.00
693.5 415.00
693.6 421.00
693.6 427.00
693.6 432.00
693.6 440.00
693.6 446.00
693.6 455.00
693.6 465.00
693.6 472.00
693.7 485.00
693.7 494.00
693.7 506.00
693.7 521.00
693.7 537.00
693.7 553.00
693.7 570.00
693.7 591.00
693.8 608.00
693.8 627.00
693.8 649.00
693.8 672.00
693.8 698.00
693.8 725.00
693.8 752.00
693.8 782.00
693.9 788.00
693.9 824.00
693.9 880.00
693.9 919.00
693.9 958.00
693.9 978.00
693.9 1038.0
693.9 1085.0
694.0 1112.0
694.0 1185.0
694.0 1227.0
694.0 1286.0
694.0 1349.0
694.0 1401.0
694.0 1460.0
694.0 1522.0
694.1 1578.0
694.1 1636.0
694.1 1691.0
694.1 1754.0
694.1 1812.0
694.1 1863.0
694.1 1902.0
694.1 1970.0
694.2 2015.0
694.2 2047.0
694.2 2088.0
694.2 2125.0
694.2 2151.0
694.2 2175.0
694.2 2191.0
694.2 2205.0
694.3 2202.0
694.3 2202.0
694.3 2195.0
694.3 2181.0
694.3 2154.0
694.3 2128.0
694.3 2101.0
694.3 2062.0
694.4 2028.0
694.4 1983.0
694.4 1938.0
694.4 1886.0
694.4 1833.0
694.4 1779.0
694.4 1723.0
694.4 1677.0
694.5 1620.0
694.5 1565.0
694.5 1517.0
694.5 1462.0
694.5 1405.0
694.5 1350.0
694.5 1300.0
694.5 1252.0
694.6 1195.0
694.6 1152.0
694.6 1109.0
694.6 1064.0
694.6 1023.0
694.6 988.00
694.6 950.00
694.6 914.00
694.7 880.00
694.7 850.00
694.7 817.00
694.7 790.00
694.7 760.00
694.7 731.00
694.7 706.00
694.7 684.00
694.8 658.00
694.8 638.00
694.8 615.00
694.8 598.00
694.8 573.00
694.8 554.00
694.8 539.00
694.8 520.00
694.9 505.00
694.9 491.00
694.9 476.00
694.9 464.00
694.9 449.00
694.9 438.00
694.9 425.00
694.9 412.00
695.0 400.00
695.0 391.00
695.0 380.00
695.0 370.00
695.0 362.00
695.0 352.00
695.0 344.00
695.0 335.00
695.1 325.00
695.1 318.00
695.1 309.00
695.1 304.00
695.1 294.00
695.1 287.00
695.1 281.00
695.1 276.00
695.2 269.00
695.2 262.00
695.2 258.00
695.2 250.00
695.2 245.00
695.2 242.00
695.2 236.00
695.2 231.00
695.3 228.00
695.3 223.00
695.3 219.00
695.3 216.00
695.3 212.00
695.3 205.00
695.3 203.00
695.3 199.00
695.4 196.00
695.4 191.00
695.4 189.00
695.4 186.00
695.4 183.00
695.4 179.00
695.4 177.00
695.4 173.00
695.5 171.00
695.5 167.00
695.5 166.00
695.5 163.00
695.5 160.00
695.5 158.00
695.5 155.00
695.5 155.00
695.6 151.00
695.6 148.00
695.6 147.00
695.6 144.00
695.6 142.00
695.6 139.00
695.6 139.00
695.6 135.00
695.7 134.00
695.7 134.00
695.7 132.00
695.7 129.00
695.7 128.00
695.7 125.00
695.7 123.00
695.7 122.00
695.8 121.00
695.8 120.00
695.8 118.00
695.8 117.00
695.8 115.00
695.8 114.00
695.8 113.00
695.8 110.00
695.9 109.00
695.9 108.00
695.9 107.00
695.9 106.00
695.9 105.00
695.9 104.00
695.9 102.00
695.9 102.00
696.0 99.00
696.0 99.00
696.0 98.00
696.0 97.00
696.0 96.00
696.0 95.00
696.0 93.00
696.0 93.00
696.1 93.00
696.1 92.00
696.1 91.00
696.1 89.00
696.1 88.00
696.1 88.00
696.1 87.00
696.1 86.00
696.2 85.00
696.2 85.00
696.2 84.00
696.2 83.00
696.2 82.00
696.2 82.00
696.2 81.00
696.2 80.00
696.3 80.00
696.3 79.00
696.3 78.00
696.3 77.00
696.3 76.00
696.3 77.00
696.3 76.00
696.3 75.00
696.4 75.00
696.4 75.00
696.4 74.00
696.4 73.00
696.4 71.00
696.4 72.00
696.4 71.00
696.4 70.00
696.5 70.00
696.5 69.00
696.5 69.00
696.5 69.00
696.5 68.00
696.5 67.00
696.5 67.00
696.5 66.00
696.6 66.00
696.6 65.00
696.6 65.00
696.6 64.00
696.6 64.00
696.6 64.00
696.6 63.00
696.6 63.00
696.7 63.00
696.7 61.00
696.7 61.00
696.7 61.00
696.7 61.00
696.7 61.00
696.7 60.00
696.7 59.00
696.8 59.00
696.8 59.00
696.8 59.00
696.8 58.00
696.8 58.00
696.8 57.00
696.8 57.00
696.8 57.00
696.9 56.00
696.9 56.00
696.9 56.00
696.9 55.00
696.9 55.00
696.9 55.00
696.9 55.00
696.9 54.00
697.0 54.00
697.0 54.00
697.0 54.00
697.0 53.00
697.0 53.00
697.0 53.00
697.0 52.00
697.0 52.00
697.1 52.00
697.1 51.00
697.1 51.00
697.1 51.00
697.1 50.00
697.1 50.00
697.1 51.00
697.1 50.00
697.2 50.00
697.2 50.00
697.2 50.00
697.2 50.00
697.2 49.00
697.2 48.00
697.2 48.00
697.2 48.00
697.3 48.00
697.3 48.00
697.3 48.00
697.3 47.00
697.3 48.00
697.3 47.00
697.3 47.00
697.3 46.00
697.4 47.00
697.4 47.00
697.4 46.00
697.4 45.00
697.4 45.00
697.4 46.00
697.4 45.00
697.4 45.00
697.5 45.00
697.5 45.00
697.5 45.00
697.5 45.00
697.5 44.00
697.5 44.00
697.5 44.00
697.5 43.00
697.6 43.00
697.6 43.00
697.6 43.00
697.6 43.00
697.6 43.00
697.6 43.00
697.6 43.00
697.6 43.00
697.7 43.00
697.7 43.00
697.7 42.00
697.7 42.00
697.7 42.00
697.7 42.00
697.7 42.00
697.7 42.00
697.8 42.00
697.8 41.00
697.8 41.00
697.8 41.00
697.8 41.00
697.8 41.00
697.8 41.00
697.8 40.00
697.9 40.00
697.9 40.00
697.9 40.00
697.9 39.00
697.9 40.00
697.9 39.00
697.9 40.00
697.9 40.00
698.0 39.00
698.0 39.00
698.0 39.00
698.0 39.00
698.0 39.00
698.0 38.00
698.0 38.00
698.0 38.00
698.1 38.00
698.1 38.00
698.1 38.00
698.1 38.00
698.1 38.00
698.1 37.00
698.1 38.00
698.1 37.00
698.2 37.00
698.2 37.00
698.2 37.00
698.2 37.00
698.2 37.00
698.2 37.00
698.2 37.00
698.2 36.00
698.3 36.00
698.3 36.00
698.3 36.00
698.3 36.00
698.3 37.00
698.3 36.00
698.3 36.00
698.3 36.00
698.4 36.00
698.4 35.00
698.4 36.00
698.4 36.00
698.4 36.00
698.4 36.00
698.4 36.00
698.4 35.00
698.5 35.00
698.5 35.00
698.5 36.00
698.5 35.00
698.5 35.00
698.5 35.00
698.5 35.00
698.5 35.00
698.6 35.00
698.6 35.00
698.6 35.00
698.6 34.00
698.6 34.00
698.6 35.00
698.6 33.00
698.6 35.00
698.7 34.00
698.7 34.00
698.7 33.00
698.7 34.00
698.7 34.00
698.7 34.00
698.7 34.00
698.7 33.00
698.8 33.00
698.8 33.00
698.8 33.00
698.8 33.00
698.8 33.00
698.8 33.00
698.8 33.00
698.8 33.00
698.9 32.00
698.9 33.00
698.9 33.00
698.9 33.00
698.9 32.00
698.9 33.00
698.9 33.00
698.9 32.00
699.0 32.00
699.0 32.00
699.0 32.00
699.0 32.00
699.0 32.00
699.0 32.00
699.0 32.00
699.0 32.00
699.1 32.00
699.1 31.00
699.1 32.00
699.1 32.00
699.1 31.00
699.1 31.00
699.1 32.00
699.1 32.00
699.2 31.00
699.2 31.00
699.2 31.00
699.2 31.00
699.2 31.00
699.2 31.00
699.2 31.00
699.2 31.00
699.3 31.00
699.3 31.00
699.3 31.00
699.3 31.00
699.3 31.00
699.3 31.00
699.3 31.00
699.3 30.00
699.4 31.00
699.4 30.00
699.4 31.00
699.4 31.00
699.4 30.00
699.4 30.00
699.4 31.00
699.4 31.00
699.5 31.00
699.5 31.00
699.5 30.00
699.5 31.00
699.5 31.00
699.5 31.00
699.5 31.00
699.5 31.00
699.6 31.00
699.6 31.00
699.6 31.00
699.6 31.00
699.6 31.00
699.6 31.00
699.6 31.00
699.6 31.00
699.7 31.00
699.7 31.00
699.7 31.00
699.7 30.00
699.7 32.00
699.7 31.00
699.7 31.00
699.7 31.00
699.8 31.00
699.8 31.00
699.8 31.00
699.8 30.00
699.8 31.00
699.8 31.00
699.8 30.00
699.8 30.00
699.9 30.00
699.9 30.00
699.9 30.00
699.9 30.00
699.9 30.00
699.9 30.00
699.9 30.00
699.9 30.00
700.0 30.00
700.0 0.000
700.0 0.000
700.0 0.000
700.0 0.000
700.0 0.000
700.0 0.000
700.0 0.000
700.1 0.000
700.1 0.000
700.1 0.000
700.1 0.000
700.1 0.000
700.1 0.000
700.1 0.000
700.1 0.000
700.2 0.000
700.2 0.000
700.2 0.000
700.2 0.000
700.2 0.000
700.2 0.000
700.2 0.000
700.2 0.000
700.3 0.000
700.3 0.000
700.3 0.000
700.3 0.000
700.3 0.000
700.3 0.000
700.3 0.000
700.3 0.000
700.4 0.000
700.4 0.000
