310.0 143.00
310.6 150.00
311.2 158.00
311.8 165.00
312.5 172.00
313.1 179.00
313.7 186.00
314.3 195.00
315.0 203.00
315.6 211.00
316.2 220.00
316.8 227.00
317.5 235.00
318.1 245.00
318.7 251.00
319.3 258.00
320.0 267.00
320.6 276.00
321.2 285.00
321.8 296.00
322.5 304.00
323.1 315.00
323.7 322.00
324.3 331.00
325.0 340.00
325.6 349.00
326.2 361.00
326.8 369.00
327.5 378.00
328.1 386.00
328.7 394.00
329.3 403.00
330.0 416.00
330.6 423.00
331.2 433.00
331.8 445.00
332.5 454.00
333.1 463.00
333.7 472.00
334.3 479.00
335.0 491.00
335.6 500.00
336.2 511.00
336.8 519.00
337.5 526.00
338.1 536.00
338.7 542.00
339.3 557.00
340.0 565.00
340.6 574.00
341.2 586.00
341.8 598.00
342.5 609.00
343.1 620.00
343.7 632.00
344.3 640.00
345.0 652.00
345.6 661.00
346.2 671.00
346.8 683.00
347.5 695.00
348.1 704.00
348.7 716.00
349.3 725.00
350.0 737.00
350.6 751.00
351.2 763.00
351.8 773.00
352.5 784.00
353.1 798.00
353.7 808.00
354.3 822.00
355.0 834.00
355.6 847.00
356.2 858.00
356.8 868.00
357.5 883.00
358.1 892.00
358.7 904.00
359.3 918.00
360.0 930.00
360.6 944.00
361.2 952.00
361.8 967.00
362.5 982.00
363.1 994.00
363.7 1007.0
364.3 1023.0
365.0 1034.0
365.6 1048.0
366.2 1057.0
366.8 1072.0
367.5 1088.0
368.1 1095.0
368.7 1110.0
369.3 1124.0
370.0 1136.0
370.6 1144.0
371.2 1160.0
371.8 1172.0
372.5 1183.0
373.1 1203.0
373.7 1215.0
374.3 1226.0
375.0 1238.0
375.6 1248.0
376.2 1266.0
376.8 1279.0
377.5 1292.0
378.1 1300.0
378.7 1315.0
379.3 1328.0
380.0 1344.0
380.6 1359.0
381.2 1376.0
381.8 1390.0
382.5 1404.0
383.1 1420.0
383.7 1436.0
384.3 1449.0
385.0 1463.0
385.6 1484.0
386.2 1493.0
386.8 1510.0
387.5 1524.0
388.1 1540.0
388.7 1552.0
389.3 1566.0
390.0 1591.0
390.6 1603.0
391.2 1617.0
391.8 1627.0
392.5 1643.0
393.1 1654.0
393.7 1671.0
394.3 1689.0
395.0 1701.0
395.6 1722.0
396.2 1735.0
396.8 1747.0
397.5 1765.0
398.1 1779.0
398.7 1785.0
399.3 1802.0
400.0 1822.0
400.6 1836.0
401.2 1853.0
401.8 1868.0
402.5 1878.0
403.1 1892.0
403.7 1906.0
404.3 1925.0
405.0 1940.0
405.6 1951.0
406.2 1964.0
406.8 1976.0
407.5 1991.0
408.1 2001.0
408.7 2018.0
409.3 2032.0
410.0 2046.0
410.6 2053.0
411.2 2063.0
411.8 2069.0
412.5 2078.0
413.1 2086.0
413.7 2082.0
414.3 2072.0
415.0 2088.0
415.6 2104.0
416.2 2113.0
416.8 2127.0
417.5 2140.0
418.1 2161.0
418.7 2191.0
419.3 2221.0
420.0 2252.0
420.6 2290.0
421.2 2330.0
421.8 2378.0
422.5 2409.0
423.1 2478.0
423.7 2507.0
424.3 2546.0
425.0 2587.0
425.6 2617.0
426.2 2636.0
426.8 2671.0
427.5 2704.0
428.1 2737.0
428.7 2764.0
429.3 2783.0
430.0 2809.0
430.6 2825.0
431.2 2849.0
431.8 2861.0
432.5 2875.0
433.1 2887.0
433.7 2897.0
434.3 2910.0
435.0 2920.0
435.6 2932.0
436.2 2942.0
436.8 2948.0
437.5 2959.0
438.1 2974.0
438.7 2991.0
439.3 3001.0
440.0 3017.0
440.6 3038.0
441.2 3049.0
441.8 3071.0
442.5 3097.0
443.1 3112.0
443.7 3139.0
444.3 3169.0
445.0 3188.0
445.6 3208.0
446.2 3237.0
446.8 3263.0
447.5 3282.0
448.1 3308.0
448.7 3327.0
449.3 3352.0
450.0 3376.0
450.6 3396.0
451.2 3426.0
451.8 3442.0
452.5 3472.0
453.1 3488.0
453.7 3514.0
454.3 3539.0
455.0 3553.0
455.6 3576.0
456.2 3598.0
456.8 3611.0
457.5 3629.0
458.1 3637.0
458.7 3654.0
459.3 3665.0
460.0 3684.0
460.6 3699.0
461.2 3708.0
461.8 3722.0
462.5 3730.0
463.1 3744.0
463.7 3752.0
464.3 3761.0
465.0 3770.0
465.6 3777.0
466.2 3785.0
466.8 3793.0
467.5 3797.0
468.1 3799.0
468.7 3802.0
469.3 3799.0
470.0 3809.0
470.6 3818.0
471.2 3819.0
471.8 3824.0
472.5 3828.0
473.1 3825.0
473.7 3832.0
474.3 3832.0
475.0 3839.0
475.6 3844.0
476.2 3853.0
476.8 3849.0
477.5 3846.0
478.1 3853.0
478.7 3854.0
479.3 3843.0
480.0 3851.0
480.6 3849.0
481.2 3846.0
481.8 3848.0
482.5 3846.0
483.1 3847.0
483.7 3851.0
484.3 3851.0
485.0 3857.0
485.6 3854.0
486.2 3854.0
486.8 3852.0
487.5 3855.0
488.1 3852.0
488.7 3853.0
489.3 3856.0
490.0 3865.0
490.6 3864.0
491.2 3870.0
491.8 3873.0
492.5 3881.0
493.1 3872.0
493.7 3875.0
494.3 3877.0
495.0 3874.0
495.6 3867.0
496.2 3873.0
496.8 3872.0
497.5 3866.0
498.1 3860.0
498.7 3864.0
499.3 3860.0
500.0 3859.0
500.6 3858.0
501.2 3857.0
501.8 3859.0
502.5 3854.0
503.1 3852.0
503.7 3863.0
504.3 3848.0
505.0 3847.0
505.6 3848.0
506.2 3846.0
506.8 3843.0
507.5 3852.0
508.1 3849.0
508.7 3838.0
509.3 3840.0
510.0 3838.0
510.6 3839.0
511.2 3841.0
511.8 3834.0
512.5 3829.0
513.1 3829.0
513.7 3827.0
514.3 3823.0
515.0 3817.0
515.6 3822.0
516.2 3813.0
516.8 3821.0
517.5 3817.0
518.1 3817.0
518.7 3809.0
519.3 3803.0
520.0 3805.0
520.6 3797.0
521.2 3791.0
521.8 3789.0
522.5 3792.0
523.1 3786.0
523.7 3788.0
524.3 3790.0
525.0 3793.0
525.6 3779.0
526.2 3786.0
526.8 3782.0
527.5 3775.0
528.1 3770.0
528.7 3767.0
529.3 3763.0
530.0 3762.0
530.6 3756.0
531.2 3746.0
531.8 3750.0
532.5 3741.0
533.1 3741.0
533.7 3740.0
534.3 3743.0
535.0 3739.0
535.6 3735.0
536.2 3738.0
536.8 3734.0
537.5 3735.0
538.1 3726.0
538.7 3720.0
539.3 3715.0
540.0 3717.0
540.6 3713.0
541.2 3710.0
541.8 3707.0
542.5 3704.0
543.1 3703.0
543.7 3702.0
544.3 3695.0
545.0 3693.0
545.6 3686.0
546.2 3684.0
546.8 3686.0
547.5 3677.0
548.1 3677.0
548.7 3674.0
549.3 3669.0
550.0 3668.0
550.6 3661.0
551.2 3658.0
551.8 3658.0
552.5 3646.0
553.1 3648.0
553.7 3641.0
554.3 3641.0
555.0 3636.0
555.6 3634.0
556.2 3625.0
556.8 3627.0
557.5 3627.0
558.1 3622.0
558.7 3608.0
559.3 3601.0
560.0 3604.0
560.6 3594.0
561.2 3595.0
561.8 3588.0
562.5 3579.0
563.1 3581.0
563.7 3579.0
564.3 3572.0
565.0 3566.0
565.6 3567.0
566.2 3558.0
566.8 3563.0
567.5 3550.0
568.1 3544.0
568.7 3537.0
569.3 3533.0
570.0 3522.0
570.6 3519.0
571.2 3517.0
571.8 3513.0
572.5 3504.0
573.1 3493.0
573.7 3492.0
574.3 3485.0
575.0 3487.0
575.6 3478.0
576.2 3477.0
576.8 3470.0
577.5 3461.0
578.1 3454.0
578.7 3447.0
579.3 3443.0
580.0 3441.0
580.6 3427.0
581.2 3421.0
581.8 3414.0
582.5 3413.0
583.1 3411.0
583.7 3409.0
584.3 3395.0
585.0 3386.0
585.6 3383.0
586.2 3372.0
586.8 3371.0
587.5 3363.0
588.1 3358.0
588.7 3352.0
589.3 3344.0
590.0 3338.0
590.6 3333.0
591.2 3328.0
591.8 3309.0
592.5 3301.0
593.1 3298.0
593.7 3294.0
594.3 3284.0
595.0 3277.0
595.6 3275.0
596.2 3266.0
596.8 3262.0
597.5 3251.0
598.1 3244.0
598.7 3240.0
599.3 3230.0
600.0 3224.0
600.6 3214.0
601.2 3204.0
601.8 3199.0
602.5 3191.0
603.1 3183.0
603.7 3178.0
604.3 3167.0
605.0 3155.0
605.6 3152.0
606.2 3140.0
606.8 3131.0
607.5 3130.0
608.1 3120.0
608.7 3118.0
609.3 3105.0
610.0 3097.0
610.6 3091.0
611.2 3082.0
611.8 3075.0
612.5 3064.0
613.1 3061.0
613.7 3052.0
614.3 3044.0
615.0 3039.0
615.6 3031.0
616.2 3017.0
616.8 3019.0
617.5 3006.0
618.1 3002.0
618.7 2993.0
619.3 2981.0
620.0 2973.0
620.6 2959.0
621.2 2951.0
621.8 2944.0
622.5 2935.0
623.1 2927.0
623.7 2916.0
624.3 2904.0
625.0 2885.0
625.6 2880.0
626.2 2875.0
626.8 2868.0
627.5 2857.0
628.1 2850.0
628.7 2836.0
629.3 2826.0
630.0 2812.0
630.6 2803.0
631.2 2787.0
631.8 2777.0
632.5 2766.0
633.1 2758.0
633.7 2742.0
634.3 2734.0
635.0 2717.0
635.6 2710.0
636.2 2700.0
636.8 2691.0
637.5 2678.0
638.1 2665.0
638.7 2652.0
639.3 2647.0
640.0 2638.0
640.6 2620.0
641.2 2611.0
641.8 2600.0
642.5 2583.0
643.1 2570.0
643.7 2556.0
644.3 2552.0
645.0 2540.0
645.6 2531.0
646.2 2521.0
646.8 2508.0
647.5 2493.0
648.1 2486.0
648.7 2474.0
649.3 2464.0
650.0 2455.0
