300.0 16.00
300.6 17.00
301.2 18.00
301.8 19.00
302.5 19.00
303.1 19.00
303.7 20.00
304.3 21.00
305.0 22.00
305.6 22.00
306.2 24.00
306.8 24.00
307.5 25.00
308.1 26.00
308.7 28.00
309.3 28.00
310.0 30.00
310.6 31.00
311.2 33.00
311.8 34.00
312.5 35.00
313.1 37.00
313.7 39.00
314.3 40.00
315.0 42.00
315.6 43.00
316.2 46.00
316.8 48.00
317.5 50.00
318.1 52.00
318.7 54.00
319.3 55.00
320.0 58.00
320.6 61.00
321.2 63.00
321.8 66.00
322.5 68.00
323.1 71.00
323.7 73.00
324.3 76.00
325.0 79.00
325.6 82.00
326.2 84.00
326.8 87.00
327.5 91.00
328.1 94.00
328.7 97.00
329.3 100.00
330.0 104.00
330.6 107.00
331.2 111.00
331.8 115.00
332.5 119.00
333.1 123.00
333.7 127.00
334.3 129.00
335.0 134.00
335.6 139.00
336.2 143.00
336.8 146.00
337.5 151.00
338.1 155.00
338.7 158.00
339.3 163.00
340.0 168.00
340.6 172.00
341.2 179.00
341.8 183.00
342.5 189.00
343.1 194.00
343.7 199.00
344.3 205.00
345.0 211.00
345.6 216.00
346.2 222.00
346.8 229.00
347.5 233.00
348.1 241.00
348.7 246.00
349.3 253.00
350.0 258.00
350.6 266.00
351.2 274.00
351.8 281.00
352.5 289.00
353.1 296.00
353.7 303.00
354.3 309.00
355.0 317.00
355.6 325.00
356.2 332.00
356.8 340.00
357.5 347.00
358.1 356.00
358.7 364.00
359.3 372.00
360.0 380.00
360.6 388.00
361.2 396.00
361.8 405.00
362.5 414.00
363.1 423.00
363.7 434.00
364.3 440.00
365.0 449.00
365.6 457.00
366.2 468.00
366.8 475.00
367.5 486.00
368.1 494.00
368.7 504.00
369.3 515.00
370.0 523.00
370.6 533.00
371.2 544.00
371.8 556.00
372.5 565.00
373.1 574.00
373.7 584.00
374.3 595.00
375.0 604.00
375.6 617.00
376.2 626.00
376.8 636.00
377.5 647.00
378.1 657.00
378.7 670.00
379.3 680.00
380.0 691.00
380.6 704.00
381.2 715.00
381.8 729.00
382.5 740.00
383.1 755.00
383.7 765.00
384.3 777.00
385.0 791.00
385.6 806.00
386.2 817.00
386.8 829.00
387.5 841.00
388.1 854.00
388.7 868.00
389.3 882.00
390.0 897.00
390.6 911.00
391.2 923.00
391.8 940.00
392.5 953.00
393.1 965.00
393.7 980.00
394.3 993.00
395.0 1005.0
395.6 1020.0
396.2 1035.0
396.8 1051.0
397.5 1061.0
398.1 1077.0
398.7 1087.0
399.3 1104.0
400.0 1117.0
400.6 1132.0
401.2 1144.0
401.8 1157.0
402.5 1171.0
403.1 1190.0
403.7 1203.0
404.3 1218.0
405.0 1230.0
405.6 1244.0
406.2 1257.0
406.8 1271.0
407.5 1287.0
408.1 1297.0
408.7 1313.0
409.3 1324.0
410.0 1334.0
410.6 1346.0
411.2 1357.0
411.8 1370.0
412.5 1382.0
413.1 1390.0
413.7 1398.0
414.3 1397.0
415.0 1408.0
415.6 1425.0
416.2 1439.0
416.8 1453.0
417.5 1465.0
418.1 1480.0
418.7 1504.0
419.3 1529.0
420.0 1556.0
420.6 1582.0
421.2 1617.0
421.8 1649.0
422.5 1678.0
423.1 1722.0
423.7 1752.0
424.3 1791.0
425.0 1825.0
425.6 1860.0
426.2 1897.0
426.8 1928.0
427.5 1963.0
428.1 1988.0
428.7 2016.0
429.3 2042.0
430.0 2064.0
430.6 2084.0
431.2 2107.0
431.8 2122.0
432.5 2137.0
433.1 2152.0
433.7 2168.0
434.3 2181.0
435.0 2190.0
435.6 2206.0
436.2 2221.0
436.8 2232.0
437.5 2244.0
438.1 2263.0
438.7 2279.0
439.3 2293.0
440.0 2308.0
440.6 2323.0
441.2 2348.0
441.8 2369.0
442.5 2391.0
443.1 2410.0
443.7 2435.0
444.3 2460.0
445.0 2481.0
445.6 2502.0
446.2 2526.0
446.8 2551.0
447.5 2575.0
448.1 2600.0
448.7 2621.0
449.3 2648.0
450.0 2676.0
450.6 2699.0
451.2 2725.0
451.8 2750.0
452.5 2777.0
453.1 2801.0
453.7 2827.0
454.3 2850.0
455.0 2877.0
455.6 2896.0
456.2 2918.0
456.8 2936.0
457.5 2958.0
458.1 2976.0
458.7 2999.0
459.3 3019.0
460.0 3034.0
460.6 3053.0
461.2 3070.0
461.8 3091.0
462.5 3096.0
463.1 3118.0
463.7 3129.0
464.3 3147.0
465.0 3158.0
465.6 3171.0
466.2 3179.0
466.8 3185.0
467.5 3201.0
468.1 3206.0
468.7 3220.0
469.3 3222.0
470.0 3232.0
470.6 3244.0
471.2 3251.0
471.8 3260.0
472.5 3265.0
473.1 3269.0
473.7 3275.0
474.3 3279.0
475.0 3285.0
475.6 3292.0
476.2 3292.0
476.8 3297.0
477.5 3299.0
478.1 3302.0
478.7 3310.0
479.3 3308.0
480.0 3312.0
480.6 3316.0
481.2 3319.0
481.8 3317.0
482.5 3326.0
483.1 3324.0
483.7 3330.0
484.3 3328.0
485.0 3330.0
485.6 3335.0
486.2 3333.0
486.8 3338.0
487.5 3344.0
488.1 3349.0
488.7 3350.0
489.3 3357.0
490.0 3353.0
490.6 3357.0
491.2 3356.0
491.8 3362.0
492.5 3362.0
493.1 3370.0
493.7 3369.0
494.3 3370.0
495.0 3377.0
495.6 3376.0
496.2 3380.0
496.8 3380.0
497.5 3385.0
498.1 3385.0
498.7 3381.0
499.3 3387.0
500.0 3389.0
500.6 3395.0
501.2 3393.0
501.8 3395.0
502.5 3393.0
503.1 3397.0
503.7 3400.0
504.3 3407.0
505.0 3406.0
505.6 3402.0
506.2 3403.0
506.8 3407.0
507.5 3405.0
508.1 3402.0
508.7 3404.0
509.3 3413.0
510.0 3412.0
510.6 3419.0
511.2 3421.0
511.8 3421.0
512.5 3428.0
513.1 3429.0
513.7 3437.0
514.3 3436.0
515.0 3450.0
515.6 3741.0
516.2 3683.0
516.8 3589.0
517.5 3580.0
518.1 3575.0
518.7 3578.0
519.3 3589.0
520.0 3601.0
520.6 3590.0
521.2 3586.0
521.8 3588.0
522.5 3591.0
523.1 3590.0
523.7 3593.0
524.3 3594.0
525.0 3603.0
525.6 3606.0
526.2 3604.0
526.8 3594.0
527.5 3596.0
528.1 3581.0
528.7 3579.0
529.3 3575.0
530.0 3566.0
530.6 3557.0
531.2 3554.0
531.8 3553.0
532.5 3551.0
533.1 3547.0
533.7 3548.0
534.3 3543.0
535.0 3538.0
535.6 3537.0
536.2 3533.0
536.8 3534.0
537.5 3533.0
538.1 3534.0
538.7 3531.0
539.3 3530.0
540.0 3531.0
540.6 3530.0
541.2 3526.0
541.8 3527.0
542.5 3529.0
543.1 3522.0
543.7 3524.0
544.3 3518.0
545.0 3523.0
545.6 3522.0
546.2 3511.0
546.8 3516.0
547.5 3511.0
548.1 3505.0
548.7 3499.0
549.3 3502.0
550.0 3490.0
550.6 3488.0
551.2 3471.0
551.8 3467.0
552.5 3464.0
553.1 3460.0
553.7 3456.0
554.3 3450.0
555.0 3446.0
555.6 3446.0
556.2 3432.0
556.8 3426.0
557.5 3425.0
558.1 3421.0
558.7 3414.0
559.3 3400.0
560.0 3402.0
560.6 3392.0
561.2 3386.0
561.8 3384.0
562.5 3373.0
563.1 3370.0
563.7 3365.0
564.3 3365.0
565.0 3352.0
565.6 3345.0
566.2 3339.0
566.8 3335.0
567.5 3327.0
568.1 3328.0
568.7 3318.0
569.3 3313.0
570.0 3306.0
570.6 3301.0
571.2 3301.0
571.8 3290.0
572.5 3291.0
573.1 3276.0
573.7 3275.0
574.3 3263.0
575.0 3265.0
575.6 3259.0
576.2 3248.0
576.8 3241.0
577.5 3234.0
578.1 3233.0
578.7 3225.0
579.3 3220.0
580.0 3212.0
580.6 3206.0
581.2 3203.0
581.8 3193.0
582.5 3189.0
583.1 3180.0
583.7 3177.0
584.3 3170.0
585.0 3163.0
585.6 3159.0
586.2 3161.0
586.8 3156.0
587.5 3144.0
588.1 3135.0
588.7 3134.0
589.3 3121.0
590.0 3117.0
590.6 3112.0
591.2 3104.0
591.8 3091.0
592.5 3084.0
593.1 3085.0
593.7 3073.0
594.3 3068.0
595.0 3057.0
595.6 3057.0
596.2 3051.0
596.8 3038.0
597.5 3028.0
598.1 3026.0
598.7 3017.0
599.3 3007.0
600.0 2998.0
600.6 2992.0
601.2 2989.0
601.8 2981.0
602.5 2970.0
603.1 2960.0
603.7 2959.0
604.3 2954.0
605.0 2942.0
605.6 2936.0
606.2 2930.0
606.8 2919.0
607.5 2916.0
608.1 2906.0
608.7 2903.0
609.3 2894.0
610.0 2890.0
610.6 2877.0
611.2 2873.0
611.8 2867.0
612.5 2856.0
613.1 2850.0
613.7 2843.0
614.3 2829.0
615.0 2826.0
615.6 2816.0
616.2 2811.0
616.8 2802.0
617.5 2795.0
618.1 2787.0
618.7 2780.0
619.3 2769.0
620.0 2760.0
620.6 2752.0
621.2 2741.0
621.8 2728.0
622.5 2717.0
623.1 2711.0
623.7 2699.0
624.3 2688.0
625.0 2676.0
625.6 2671.0
626.2 2660.0
626.8 2650.0
627.5 2639.0
628.1 2630.0
628.7 2623.0
629.3 2618.0
630.0 2605.0
630.6 2591.0
631.2 2583.0
631.8 2572.0
632.5 2561.0
633.1 2547.0
633.7 2539.0
634.3 2529.0
635.0 2519.0
635.6 2509.0
636.2 2496.0
636.8 2490.0
637.5 2480.0
638.1 2471.0
638.7 2456.0
639.3 2449.0
640.0 2437.0
640.6 2426.0
641.2 2418.0
641.8 2402.0
642.5 2391.0
643.1 2381.0
643.7 2371.0
644.3 2362.0
645.0 2349.0
645.6 2345.0
646.2 2333.0
646.8 2322.0
647.5 2310.0
648.1 2301.0
648.7 2291.0
649.3 2282.0
650.0 2271.0
650.6 2261.0
651.2 2250.0
651.8 2240.0
652.5 2230.0
653.1 2219.0
653.7 2203.0
654.3 2192.0
655.0 2183.0
655.6 2171.0
656.2 2162.0
656.8 2150.0
657.5 2137.0
658.1 2131.0
658.7 2123.0
659.3 2111.0
660.0 2099.0
660.6 2088.0
661.2 2076.0
661.8 2065.0
662.5 2052.0
663.1 2042.0
663.7 2030.0
664.3 2020.0
665.0 2010.0
665.6 1999.0
666.2 1988.0
666.8 1977.0
667.5 1966.0
668.1 1954.0
668.7 1940.0
669.3 1933.0
670.0 1921.0
670.6 1908.0
671.2 1898.0
671.8 1884.0
672.5 1870.0
673.1 1856.0
673.7 1850.0
674.3 1837.0
675.0 1826.0
675.6 1812.0
676.2 1803.0
676.8 1791.0
677.5 1772.0
678.1 1763.0
678.7 1749.0
679.3 1741.0
680.0 1722.0
680.6 1715.0
681.2 1700.0
681.8 1684.0
682.5 1665.0
683.1 1651.0
683.7 1632.0
684.3 1617.0
685.0 1593.0
685.6 1574.0
686.2 1550.0
686.8 1512.0
687.5 1448.0
688.1 1473.0
688.7 1499.0
689.3 1527.0
690.0 1559.0
690.6 1595.0
691.2 1633.0
691.8 1678.0
692.5 1720.0
693.1 1773.0
693.7 1826.0
694.3 1878.0
695.0 1934.0
695.6 1984.0
696.2 2033.0
696.8 2087.0
697.5 2133.0
698.1 2176.0
698.7 2210.0
699.3 2245.0
700.0 2269.0
700.6 2285.0
701.2 2305.0
701.8 2310.0
702.5 2314.0
703.1 2310.0
703.7 2300.0
704.3 2289.0
705.0 2263.0
705.6 2245.0
706.2 2223.0
706.8 2195.0
707.5 2169.0
708.1 2139.0
708.7 2112.0
709.3 2082.0
710.0 2051.0
710.6 2020.0
711.2 1988.0
711.8 1954.0
712.5 1923.0
713.1 1892.0
713.7 1863.0
714.3 1832.0
715.0 1804.0
715.6 1775.0
716.2 1750.0
716.8 1722.0
717.5 1701.0
718.1 1671.0
718.7 1647.0
719.3 1623.0
720.0 1602.0
720.6 1581.0
721.2 1556.0
721.8 1533.0
722.5 1511.0
723.1 1487.0
723.7 1467.0
724.3 1444.0
725.0 1430.0
725.6 1416.0
726.2 1393.0
726.8 1374.0
727.5 1357.0
728.1 1343.0
728.7 1323.0
729.3 1309.0
730.0 1293.0
730.6 1278.0
731.2 1261.0
731.8 1245.0
732.5 1234.0
733.1 1217.0
733.7 1203.0
734.3 1187.0
735.0 1177.0
735.6 1165.0
736.2 1151.0
736.8 1138.0
737.5 1124.0
738.1 1112.0
738.7 1099.0
739.3 1088.0
740.0 1077.0
740.6 1065.0
741.2 1054.0
741.8 1044.0
742.5 1031.0
743.1 1018.0
743.7 1010.0
744.3 998.00
745.0 991.00
745.6 981.00
746.2 970.00
746.8 961.00
747.5 951.00
748.1 942.00
748.7 931.00
749.3 923.00
750.0 915.00
