300.0 16.00
300.6 17.00
301.2 18.00
301.8 18.00
302.5 19.00
303.1 20.00
303.7 21.00
304.3 22.00
305.0 22.00
305.6 23.00
306.2 24.00
306.8 25.00
307.5 26.00
308.1 26.00
308.7 28.00
309.3 29.00
310.0 31.00
310.6 32.00
311.2 33.00
311.8 35.00
312.5 36.00
313.1 38.00
313.7 39.00
314.3 41.00
315.0 43.00
315.6 44.00
316.2 47.00
316.8 49.00
317.5 51.00
318.1 53.00
318.7 55.00
319.3 57.00
320.0 59.00
320.6 62.00
321.2 64.00
321.8 67.00
322.5 70.00
323.1 73.00
323.7 75.00
324.3 79.00
325.0 82.00
325.6 84.00
326.2 87.00
326.8 91.00
327.5 93.00
328.1 97.00
328.7 100.00
329.3 104.00
330.0 106.00
330.6 111.00
331.2 116.00
331.8 119.00
332.5 123.00
333.1 127.00
333.7 131.00
334.3 135.00
335.0 138.00
335.6 143.00
336.2 146.00
336.8 152.00
337.5 156.00
338.1 161.00
338.7 164.00
339.3 169.00
340.0 172.00
340.6 179.00
341.2 184.00
341.8 189.00
342.5 195.00
343.1 201.00
343.7 207.00
344.3 213.00
345.0 218.00
345.6 224.00
346.2 230.00
346.8 238.00
347.5 243.00
348.1 249.00
348.7 256.00
349.3 264.00
350.0 269.00
350.6 276.00
351.2 284.00
351.8 292.00
352.5 299.00
353.1 308.00
353.7 315.00
354.3 323.00
355.0 331.00
355.6 339.00
356.2 347.00
356.8 355.00
357.5 364.00
358.1 372.00
358.7 380.00
359.3 388.00
360.0 397.00
360.6 407.00
361.2 416.00
361.8 425.00
362.5 435.00
363.1 444.00
363.7 454.00
364.3 463.00
365.0 472.00
365.6 481.00
366.2 493.00
366.8 502.00
367.5 512.00
368.1 523.00
368.7 534.00
369.3 545.00
370.0 554.00
370.6 565.00
371.2 576.00
371.8 589.00
372.5 598.00
373.1 609.00
373.7 621.00
374.3 630.00
375.0 643.00
375.6 651.00
376.2 664.00
376.8 673.00
377.5 687.00
378.1 698.00
378.7 711.00
379.3 728.00
380.0 738.00
380.6 753.00
381.2 772.00
381.8 790.00
382.5 811.00
383.1 834.00
383.7 851.00
384.3 870.00
385.0 903.00
385.6 911.00
386.2 913.00
386.8 929.00
387.5 948.00
388.1 962.00
388.7 972.00
389.3 981.00
390.0 995.00
390.6 1008.0
391.2 1012.0
391.8 1019.0
392.5 1034.0
393.1 1048.0
393.7 1065.0
394.3 1078.0
395.0 1093.0
395.6 1108.0
396.2 1126.0
396.8 1147.0
397.5 1167.0
398.1 1183.0
398.7 1200.0
399.3 1218.0
400.0 1237.0
400.6 1248.0
401.2 1255.0
401.8 1273.0
402.5 1292.0
403.1 1309.0
403.7 1328.0
404.3 1349.0
405.0 1368.0
405.6 1384.0
406.2 1402.0
406.8 1420.0
407.5 1424.0
408.1 1417.0
408.7 1414.0
409.3 1424.0
410.0 1438.0
410.6 1448.0
411.2 1459.0
411.8 1469.0
412.5 1479.0
413.1 1487.0
413.7 1488.0
414.3 1485.0
415.0 1498.0
415.6 1509.0
416.2 1527.0
416.8 1535.0
417.5 1545.0
418.1 1561.0
418.7 1586.0
419.3 1615.0
420.0 1643.0
420.6 1673.0
421.2 1703.0
421.8 1732.0
422.5 1763.0
423.1 1805.0
423.7 1843.0
424.3 1880.0
425.0 1917.0
425.6 1958.0
426.2 1995.0
426.8 2032.0
427.5 2075.0
428.1 2111.0
428.7 2125.0
429.3 2145.0
430.0 2170.0
430.6 2188.0
431.2 2210.0
431.8 2230.0
432.5 2249.0
433.1 2268.0
433.7 2277.0
434.3 2278.0
435.0 2288.0
435.6 2301.0
436.2 2317.0
436.8 2324.0
437.5 2341.0
438.1 2352.0
438.7 2367.0
439.3 2381.0
440.0 2404.0
440.6 2418.0
441.2 2438.0
441.8 2464.0
442.5 2492.0
443.1 2512.0
443.7 2534.0
444.3 2555.0
445.0 2580.0
445.6 2609.0
446.2 2634.0
446.8 2664.0
447.5 2690.0
448.1 2711.0
448.7 2747.0
449.3 2775.0
450.0 2788.0
450.6 2812.0
451.2 2836.0
451.8 2861.0
452.5 2890.0
453.1 2909.0
453.7 2936.0
454.3 2965.0
455.0 2988.0
455.6 3002.0
456.2 3018.0
456.8 3042.0
457.5 3072.0
458.1 3097.0
458.7 3123.0
459.3 3152.0
460.0 3178.0
460.6 3208.0
461.2 3234.0
461.8 3281.0
462.5 3324.0
463.1 3390.0
463.7 3414.0
464.3 3448.0
465.0 3478.0
465.6 3461.0
466.2 3428.0
466.8 3411.0
467.5 3379.0
468.1 3370.0
468.7 3374.0
469.3 3373.0
470.0 3369.0
470.6 3376.0
471.2 3375.0
471.8 3379.0
472.5 3373.0
473.1 3374.0
473.7 3370.0
474.3 3372.0
475.0 3371.0
475.6 3369.0
476.2 3371.0
476.8 3361.0
477.5 3363.0
478.1 3363.0
478.7 3350.0
479.3 3352.0
480.0 3350.0
480.6 3343.0
481.2 3341.0
481.8 3339.0
482.5 3338.0
483.1 3341.0
483.7 3339.0
484.3 3335.0
485.0 3337.0
485.6 3332.0
486.2 3335.0
486.8 3336.0
487.5 3337.0
488.1 3338.0
488.7 3337.0
489.3 3333.0
490.0 3337.0
490.6 3338.0
491.2 3336.0
491.8 3340.0
492.5 3342.0
493.1 3340.0
493.7 3337.0
494.3 3343.0
495.0 3345.0
495.6 3348.0
496.2 3345.0
496.8 3346.0
497.5 3345.0
498.1 3343.0
498.7 3342.0
499.3 3348.0
500.0 3347.0
500.6 3342.0
501.2 3344.0
501.8 3346.0
502.5 3346.0
503.1 3346.0
503.7 3346.0
504.3 3343.0
505.0 3346.0
505.6 3346.0
506.2 3347.0
506.8 3349.0
507.5 3347.0
508.1 3350.0
508.7 3347.0
509.3 3351.0
510.0 3347.0
510.6 3351.0
511.2 3345.0
511.8 3345.0
512.5 3350.0
513.1 3348.0
513.7 3350.0
514.3 3346.0
515.0 3349.0
515.6 3345.0
516.2 3346.0
516.8 3340.0
517.5 3339.0
518.1 3345.0
518.7 3344.0
519.3 3341.0
520.0 3341.0
520.6 3338.0
521.2 3341.0
521.8 3340.0
522.5 3337.0
523.1 3340.0
523.7 3332.0
524.3 3333.0
525.0 3333.0
525.6 3331.0
526.2 3325.0
526.8 3329.0
527.5 3328.0
528.1 3329.0
528.7 3331.0
529.3 3331.0
530.0 3329.0
530.6 3331.0
531.2 3326.0
531.8 3324.0
532.5 3329.0
533.1 3321.0
533.7 3323.0
534.3 3325.0
535.0 3318.0
535.6 3319.0
536.2 3317.0
536.8 3311.0
537.5 3316.0
538.1 3316.0
538.7 3314.0
539.3 3310.0
540.0 3312.0
540.6 3314.0
541.2 3313.0
541.8 3306.0
542.5 3312.0
543.1 3308.0
543.7 3309.0
544.3 3310.0
545.0 3306.0
545.6 3303.0
546.2 3304.0
546.8 3300.0
547.5 3304.0
548.1 3302.0
548.7 3300.0
549.3 3298.0
550.0 3300.0
550.6 3289.0
551.2 3290.0
551.8 3292.0
552.5 3289.0
553.1 3288.0
553.7 3285.0
554.3 3281.0
555.0 3279.0
555.6 3277.0
556.2 3274.0
556.8 3272.0
557.5 3268.0
558.1 3261.0
558.7 3265.0
559.3 3260.0
560.0 3270.0
560.6 3256.0
561.2 3258.0
561.8 3250.0
562.5 3253.0
563.1 3250.0
563.7 3243.0
564.3 3245.0
565.0 3245.0
565.6 3241.0
566.2 3239.0
566.8 3240.0
567.5 3234.0
568.1 3229.0
568.7 3225.0
569.3 3224.0
570.0 3221.0
570.6 3222.0
571.2 3213.0
571.8 3210.0
572.5 3209.0
573.1 3207.0
573.7 3203.0
574.3 3196.0
575.0 3198.0
575.6 3186.0
576.2 3183.0
576.8 3174.0
577.5 3177.0
578.1 3167.0
578.7 3164.0
579.3 3160.0
580.0 3156.0
580.6 3141.0
581.2 3155.0
581.8 3150.0
582.5 3144.0
583.1 3143.0
583.7 3135.0
584.3 3126.0
585.0 3126.0
585.6 3115.0
586.2 3110.0
586.8 3111.0
587.5 3103.0
588.1 3097.0
588.7 3090.0
589.3 3087.0
590.0 3067.0
590.6 3065.0
591.2 3052.0
591.8 3046.0
592.5 3042.0
593.1 3032.0
593.7 3026.0
594.3 3019.0
595.0 3014.0
595.6 3007.0
596.2 3000.0
596.8 2993.0
597.5 2989.0
598.1 2979.0
598.7 2972.0
599.3 2970.0
600.0 2961.0
600.6 2955.0
601.2 2947.0
601.8 2944.0
602.5 2934.0
603.1 2928.0
603.7 2924.0
604.3 2916.0
605.0 2908.0
605.6 2897.0
606.2 2895.0
606.8 2886.0
607.5 2876.0
608.1 2869.0
608.7 2866.0
609.3 2853.0
610.0 2847.0
610.6 2843.0
611.2 2837.0
611.8 2829.0
612.5 2817.0
613.1 2812.0
613.7 2802.0
614.3 2792.0
615.0 2786.0
615.6 2778.0
616.2 2772.0
616.8 2766.0
617.5 2756.0
618.1 2748.0
618.7 2738.0
619.3 2735.0
620.0 2722.0
620.6 2709.0
621.2 2701.0
621.8 2694.0
622.5 2687.0
623.1 2678.0
623.7 2671.0
624.3 2660.0
625.0 2653.0
625.6 2645.0
626.2 2631.0
626.8 2623.0
627.5 2619.0
628.1 2602.0
628.7 2602.0
629.3 2592.0
630.0 2580.0
630.6 2574.0
631.2 2561.0
631.8 2555.0
632.5 2545.0
633.1 2534.0
633.7 2520.0
634.3 2514.0
635.0 2502.0
635.6 2497.0
636.2 2490.0
636.8 2476.0
637.5 2472.0
638.1 2462.0
638.7 2450.0
639.3 2441.0
640.0 2434.0
640.6 2424.0
641.2 2409.0
641.8 2400.0
642.5 2391.0
643.1 2384.0
643.7 2371.0
644.3 2362.0
645.0 2347.0
645.6 2339.0
646.2 2329.0
646.8 2312.0
647.5 2309.0
648.1 2299.0
648.7 2290.0
649.3 2281.0
650.0 2268.0
650.6 2260.0
651.2 2247.0
651.8 2238.0
652.5 2228.0
653.1 2218.0
653.7 2209.0
654.3 2196.0
655.0 2187.0
655.6 2175.0
656.2 2171.0
656.8 2160.0
657.5 2149.0
658.1 2136.0
658.7 2126.0
659.3 2113.0
660.0 2104.0
660.6 2094.0
661.2 2082.0
661.8 2073.0
662.5 2058.0
663.1 2048.0
663.7 2037.0
664.3 2029.0
665.0 2018.0
665.6 2007.0
666.2 1995.0
666.8 1982.0
667.5 1972.0
668.1 1962.0
668.7 1952.0
669.3 1941.0
670.0 1928.0
670.6 1914.0
671.2 1906.0
671.8 1894.0
672.5 1882.0
673.1 1871.0
673.7 1860.0
674.3 1848.0
675.0 1839.0
675.6 1825.0
676.2 1812.0
676.8 1806.0
677.5 1794.0
678.1 1777.0
678.7 1766.0
679.3 1759.0
680.0 1747.0
680.6 1734.0
681.2 1721.0
681.8 1704.0
682.5 1686.0
683.1 1675.0
683.7 1658.0
684.3 1641.0
685.0 1622.0
685.6 1597.0
686.2 1569.0
686.8 1537.0
687.5 1468.0
688.1 1494.0
688.7 1522.0
689.3 1551.0
690.0 1585.0
690.6 1622.0
691.2 1659.0
691.8 1710.0
692.5 1752.0
693.1 1806.0
693.7 1859.0
694.3 1916.0
695.0 1966.0
695.6 2024.0
696.2 2076.0
696.8 2128.0
697.5 2174.0
698.1 2218.0
698.7 2258.0
699.3 2293.0
700.0 2318.0
700.6 2339.0
701.2 2356.0
701.8 2358.0
702.5 2366.0
703.1 2360.0
703.7 2349.0
704.3 2336.0
705.0 2320.0
705.6 2297.0
706.2 2274.0
706.8 2251.0
707.5 2221.0
708.1 2190.0
708.7 2165.0
709.3 2135.0
710.0 2103.0
710.6 2071.0
711.2 2037.0
711.8 2007.0
712.5 1977.0
713.1 1947.0
713.7 1913.0
714.3 1888.0
715.0 1864.0
715.6 1841.0
716.2 1822.0
716.8 1802.0
717.5 1779.0
718.1 1751.0
718.7 1725.0
719.3 1705.0
720.0 1687.0
720.6 1678.0
721.2 1652.0
721.8 1633.0
722.5 1600.0
723.1 1577.0
723.7 1542.0
724.3 1521.0
725.0 1496.0
725.6 1478.0
726.2 1462.0
726.8 1436.0
727.5 1420.0
728.1 1405.0
728.7 1399.0
729.3 1378.0
730.0 1357.0
730.6 1333.0
731.2 1314.0
731.8 1298.0
732.5 1286.0
733.1 1275.0
733.7 1261.0
734.3 1244.0
735.0 1237.0
735.6 1220.0
736.2 1207.0
736.8 1190.0
737.5 1177.0
738.1 1167.0
738.7 1158.0
739.3 1139.0
740.0 1121.0
740.6 1110.0
741.2 1098.0
741.8 1086.0
742.5 1071.0
743.1 1056.0
743.7 1048.0
744.3 1038.0
745.0 1027.0
745.6 1021.0
746.2 1010.0
746.8 1001.0
747.5 995.00
748.1 982.00
748.7 971.00
749.3 959.00
750.0 950.00
