310.0 66.00
310.6 70.00
311.2 73.00
311.8 77.00
312.5 82.00
313.1 86.00
313.7 89.00
314.3 93.00
315.0 98.00
315.6 100.00
316.2 105.00
316.8 111.00
317.5 114.00
318.1 119.00
318.7 123.00
319.3 128.00
320.0 133.00
320.6 137.00
321.2 144.00
321.8 148.00
322.5 154.00
323.1 159.00
323.7 163.00
324.3 167.00
325.0 174.00
325.6 177.00
326.2 181.00
326.8 187.00
327.5 190.00
328.1 197.00
328.7 202.00
329.3 207.00
330.0 213.00
330.6 217.00
331.2 223.00
331.8 228.00
332.5 234.00
333.1 238.00
333.7 244.00
334.3 250.00
335.0 255.00
335.6 258.00
336.2 266.00
336.8 270.00
337.5 273.00
338.1 279.00
338.7 286.00
339.3 288.00
340.0 295.00
340.6 301.00
341.2 309.00
341.8 313.00
342.5 318.00
343.1 325.00
343.7 332.00
344.3 337.00
345.0 342.00
345.6 348.00
346.2 356.00
346.8 360.00
347.5 367.00
348.1 376.00
348.7 377.00
349.3 385.00
350.0 389.00
350.6 396.00
351.2 404.00
351.8 410.00
352.5 417.00
353.1 421.00
353.7 426.00
354.3 433.00
355.0 436.00
355.6 444.00
356.2 447.00
356.8 454.00
357.5 458.00
358.1 459.00
358.7 463.00
359.3 466.00
360.0 472.00
360.6 477.00
361.2 480.00
361.8 484.00
362.5 491.00
363.1 493.00
363.7 496.00
364.3 500.00
365.0 504.00
365.6 508.00
366.2 512.00
366.8 512.00
367.5 517.00
368.1 519.00
368.7 523.00
369.3 529.00
370.0 537.00
370.6 536.00
371.2 543.00
371.8 545.00
372.5 547.00
373.1 548.00
373.7 547.00
374.3 550.00
375.0 553.00
375.6 554.00
376.2 558.00
376.8 557.00
377.5 557.00
378.1 559.00
378.7 563.00
379.3 564.00
380.0 564.00
380.6 557.00
381.2 560.00
381.8 562.00
382.5 565.00
383.1 566.00
383.7 569.00
384.3 570.00
385.0 574.00
385.6 576.00
386.2 577.00
386.8 578.00
387.5 579.00
388.1 584.00
388.7 582.00
389.3 586.00
390.0 588.00
390.6 590.00
391.2 595.00
391.8 597.00
392.5 598.00
393.1 602.00
393.7 603.00
394.3 606.00
395.0 608.00
395.6 611.00
396.2 612.00
396.8 615.00
397.5 619.00
398.1 621.00
398.7 622.00
399.3 625.00
400.0 630.00
400.6 632.00
401.2 634.00
401.8 639.00
402.5 643.00
403.1 642.00
403.7 645.00
404.3 645.00
405.0 649.00
405.6 654.00
406.2 658.00
406.8 661.00
407.5 664.00
408.1 663.00
408.7 667.00
409.3 670.00
410.0 672.00
410.6 674.00
411.2 679.00
411.8 678.00
412.5 679.00
413.1 679.00
413.7 682.00
414.3 679.00
415.0 684.00
415.6 685.00
416.2 692.00
416.8 694.00
417.5 697.00
418.1 705.00
418.7 714.00
419.3 724.00
420.0 737.00
420.6 748.00
421.2 765.00
421.8 778.00
422.5 793.00
423.1 808.00
423.7 831.00
424.3 842.00
425.0 858.00
425.6 876.00
426.2 890.00
426.8 904.00
427.5 920.00
428.1 935.00
428.7 950.00
429.3 959.00
430.0 969.00
430.6 986.00
431.2 995.00
431.8 1007.0
432.5 1019.0
433.1 1027.0
433.7 1038.0
434.3 1049.0
435.0 1062.0
435.6 1072.0
436.2 1082.0
436.8 1099.0
437.5 1113.0
438.1 1128.0
438.7 1145.0
439.3 1158.0
440.0 1173.0
440.6 1194.0
441.2 1213.0
441.8 1230.0
442.5 1256.0
443.1 1275.0
443.7 1295.0
444.3 1312.0
445.0 1334.0
445.6 1359.0
446.2 1380.0
446.8 1401.0
447.5 1422.0
448.1 1447.0
448.7 1466.0
449.3 1490.0
450.0 1511.0
450.6 1528.0
451.2 1550.0
451.8 1574.0
452.5 1595.0
453.1 1613.0
453.7 1635.0
454.3 1652.0
455.0 1666.0
455.6 1686.0
456.2 1703.0
456.8 1720.0
457.5 1737.0
458.1 1749.0
458.7 1759.0
459.3 1770.0
460.0 1774.0
460.6 1787.0
461.2 1804.0
461.8 1801.0
462.5 1809.0
463.1 1823.0
463.7 1840.0
464.3 1839.0
465.0 1852.0
465.6 1859.0
466.2 1861.0
466.8 1861.0
467.5 1855.0
468.1 1841.0
468.7 1839.0
469.3 1863.0
470.0 1877.0
470.6 1878.0
471.2 1887.0
471.8 1890.0
472.5 1892.0
473.1 1900.0
473.7 1895.0
474.3 1885.0
475.0 1863.0
475.6 1869.0
476.2 1851.0
476.8 1855.0
477.5 1880.0
478.1 1885.0
478.7 1883.0
479.3 1885.0
480.0 1879.0
480.6 1879.0
481.2 1875.0
481.8 1874.0
482.5 1869.0
483.1 1865.0
483.7 1863.0
484.3 1864.0
485.0 1855.0
485.6 1853.0
486.2 1844.0
486.8 1842.0
487.5 1842.0
488.1 1832.0
488.7 1826.0
489.3 1816.0
490.0 1818.0
490.6 1809.0
491.2 1798.0
491.8 1798.0
492.5 1788.0
493.1 1781.0
493.7 1771.0
494.3 1774.0
495.0 1766.0
495.6 1757.0
496.2 1748.0
496.8 1740.0
497.5 1732.0
498.1 1727.0
498.7 1717.0
499.3 1710.0
500.0 1702.0
500.6 1696.0
501.2 1689.0
501.8 1674.0
502.5 1665.0
503.1 1654.0
503.7 1644.0
504.3 1637.0
505.0 1627.0
505.6 1620.0
506.2 1613.0
506.8 1609.0
507.5 1592.0
508.1 1583.0
508.7 1577.0
509.3 1565.0
510.0 1560.0
510.6 1555.0
511.2 1543.0
511.8 1528.0
512.5 1519.0
513.1 1508.0
513.7 1505.0
514.3 1487.0
515.0 1479.0
515.6 1469.0
516.2 1462.0
516.8 1452.0
517.5 1441.0
518.1 1430.0
518.7 1425.0
519.3 1411.0
520.0 1405.0
520.6 1394.0
521.2 1385.0
521.8 1380.0
522.5 1369.0
523.1 1362.0
523.7 1355.0
524.3 1342.0
525.0 1340.0
525.6 1325.0
526.2 1319.0
526.8 1306.0
527.5 1301.0
528.1 1291.0
528.7 1285.0
529.3 1280.0
530.0 1278.0
530.6 1268.0
531.2 1258.0
531.8 1255.0
532.5 1243.0
533.1 1237.0
533.7 1230.0
534.3 1222.0
535.0 1213.0
535.6 1207.0
536.2 1203.0
536.8 1195.0
537.5 1191.0
538.1 1185.0
538.7 1181.0
539.3 1176.0
540.0 1168.0
540.6 1162.0
541.2 1155.0
541.8 1153.0
542.5 1147.0
543.1 1146.0
543.7 1144.0
544.3 1135.0
545.0 1130.0
545.6 1130.0
546.2 1130.0
546.8 1120.0
547.5 1123.0
548.1 1115.0
548.7 1113.0
549.3 1112.0
550.0 1108.0
550.6 1106.0
551.2 1105.0
551.8 1100.0
552.5 1101.0
553.1 1099.0
553.7 1096.0
554.3 1094.0
555.0 1092.0
555.6 1094.0
556.2 1093.0
556.8 1090.0
557.5 1091.0
558.1 1086.0
558.7 1091.0
559.3 1087.0
560.0 1090.0
560.6 1089.0
561.2 1093.0
561.8 1093.0
562.5 1093.0
563.1 1094.0
563.7 1097.0
564.3 1096.0
565.0 1098.0
565.6 1102.0
566.2 1104.0
566.8 1110.0
567.5 1106.0
568.1 1109.0
568.7 1113.0
569.3 1114.0
570.0 1114.0
570.6 1120.0
571.2 1120.0
571.8 1131.0
572.5 1130.0
573.1 1133.0
573.7 1143.0
574.3 1143.0
575.0 1149.0
575.6 1154.0
576.2 1156.0
576.8 1166.0
577.5 1169.0
578.1 1178.0
578.7 1179.0
579.3 1186.0
580.0 1191.0
580.6 1197.0
581.2 1205.0
581.8 1212.0
582.5 1216.0
583.1 1222.0
583.7 1227.0
584.3 1231.0
585.0 1246.0
585.6 1246.0
586.2 1261.0
586.8 1266.0
587.5 1275.0
588.1 1284.0
588.7 1287.0
589.3 1296.0
590.0 1301.0
590.6 1312.0
591.2 1319.0
591.8 1328.0
592.5 1338.0
593.1 1343.0
593.7 1352.0
594.3 1358.0
595.0 1370.0
595.6 1375.0
596.2 1385.0
596.8 1392.0
597.5 1399.0
598.1 1411.0
598.7 1410.0
599.3 1422.0
600.0 1422.0
600.6 1434.0
601.2 1438.0
601.8 1446.0
602.5 1452.0
603.1 1463.0
603.7 1466.0
604.3 1469.0
605.0 1476.0
605.6 1478.0
606.2 1479.0
606.8 1485.0
607.5 1489.0
608.1 1494.0
608.7 1496.0
609.3 1498.0
610.0 1503.0
610.6 1499.0
611.2 1501.0
611.8 1506.0
612.5 1511.0
613.1 1508.0
613.7 1511.0
614.3 1515.0
615.0 1513.0
615.6 1511.0
616.2 1513.0
616.8 1513.0
617.5 1515.0
618.1 1519.0
618.7 1517.0
619.3 1515.0
620.0 1515.0
620.6 1513.0
621.2 1509.0
621.8 1504.0
622.5 1503.0
623.1 1503.0
623.7 1495.0
624.3 1501.0
625.0 1489.0
625.6 1490.0
626.2 1488.0
626.8 1484.0
627.5 1479.0
628.1 1477.0
628.7 1476.0
629.3 1471.0
630.0 1471.0
630.6 1468.0
631.2 1459.0
631.8 1456.0
632.5 1456.0
633.1 1447.0
633.7 1443.0
634.3 1440.0
635.0 1431.0
635.6 1429.0
636.2 1425.0
636.8 1419.0
637.5 1416.0
638.1 1413.0
638.7 1406.0
639.3 1404.0
640.0 1401.0
640.6 1392.0
641.2 1388.0
641.8 1385.0
642.5 1382.0
643.1 1372.0
643.7 1367.0
644.3 1362.0
645.0 1356.0
645.6 1351.0
646.2 1347.0
646.8 1341.0
647.5 1331.0
648.1 1326.0
648.7 1322.0
649.3 1317.0
650.0 1315.0
