300.0 16.00
300.6 17.00
301.2 18.00
301.8 19.00
302.5 20.00
303.1 21.00
303.7 22.00
304.3 23.00
305.0 24.00
305.6 25.00
306.2 26.00
306.8 28.00
307.5 28.00
308.1 31.00
308.7 32.00
309.3 33.00
310.0 35.00
310.6 36.00
311.2 37.00
311.8 39.00
312.5 40.00
313.1 42.00
313.7 44.00
314.3 45.00
315.0 47.00
315.6 49.00
316.2 51.00
316.8 52.00
317.5 54.00
318.1 56.00
318.7 58.00
319.3 60.00
320.0 61.00
320.6 63.00
321.2 65.00
321.8 67.00
322.5 70.00
323.1 71.00
323.7 73.00
324.3 75.00
325.0 77.00
325.6 79.00
326.2 81.00
326.8 83.00
327.5 85.00
328.1 87.00
328.7 89.00
329.3 91.00
330.0 93.00
330.6 95.00
331.2 97.00
331.8 100.00
332.5 102.00
333.1 104.00
333.7 105.00
334.3 107.00
335.0 109.00
335.6 112.00
336.2 113.00
336.8 115.00
337.5 117.00
338.1 119.00
338.7 121.00
339.3 122.00
340.0 124.00
340.6 126.00
341.2 128.00
341.8 130.00
342.5 133.00
343.1 135.00
343.7 136.00
344.3 138.00
345.0 140.00
345.6 142.00
346.2 144.00
346.8 146.00
347.5 147.00
348.1 150.00
348.7 150.00
349.3 151.00
350.0 154.00
350.6 156.00
351.2 156.00
351.8 157.00
352.5 160.00
353.1 161.00
353.7 162.00
354.3 163.00
355.0 163.00
355.6 164.00
356.2 165.00
356.8 165.00
357.5 165.00
358.1 165.00
358.7 165.00
359.3 165.00
360.0 165.00
360.6 165.00
361.2 164.00
361.8 164.00
362.5 163.00
363.1 162.00
363.7 161.00
364.3 159.00
365.0 158.00
365.6 156.00
366.2 156.00
366.8 153.00
367.5 152.00
368.1 151.00
368.7 147.00
369.3 146.00
370.0 144.00
370.6 142.00
371.2 139.00
371.8 137.00
372.5 134.00
373.1 132.00
373.7 129.00
374.3 126.00
375.0 124.00
375.6 121.00
376.2 118.00
376.8 116.00
377.5 113.00
378.1 110.00
378.7 108.00
379.3 105.00
380.0 104.00
380.6 101.00
381.2 98.00
381.8 97.00
382.5 94.00
383.1 91.00
383.7 90.00
384.3 87.00
385.0 85.00
385.6 84.00
386.2 82.00
386.8 80.00
387.5 79.00
388.1 77.00
388.7 75.00
389.3 75.00
390.0 73.00
390.6 71.00
391.2 70.00
391.8 69.00
392.5 69.00
393.1 67.00
393.7 66.00
394.3 66.00
395.0 64.00
395.6 64.00
396.2 63.00
396.8 63.00
397.5 62.00
398.1 62.00
398.7 61.00
399.3 62.00
400.0 61.00
400.6 61.00
401.2 60.00
401.8 61.00
402.5 61.00
403.1 61.00
403.7 61.00
404.3 62.00
405.0 62.00
405.6 63.00
406.2 63.00
406.8 64.00
407.5 65.00
408.1 66.00
408.7 67.00
409.3 67.00
410.0 68.00
410.6 69.00
411.2 71.00
411.8 72.00
412.5 73.00
413.1 75.00
413.7 76.00
414.3 78.00
415.0 79.00
415.6 82.00
416.2 83.00
416.8 85.00
417.5 87.00
418.1 90.00
418.7 93.00
419.3 96.00
420.0 100.00
420.6 104.00
421.2 108.00
421.8 113.00
422.5 117.00
423.1 122.00
423.7 128.00
424.3 134.00
425.0 139.00
425.6 145.00
426.2 150.00
426.8 156.00
427.5 164.00
428.1 170.00
428.7 176.00
429.3 182.00
430.0 190.00
430.6 195.00
431.2 200.00
431.8 210.00
432.5 217.00
433.1 224.00
433.7 232.00
434.3 239.00
435.0 247.00
435.6 256.00
436.2 264.00
436.8 274.00
437.5 283.00
438.1 292.00
438.7 301.00
439.3 313.00
440.0 322.00
440.6 332.00
441.2 346.00
441.8 357.00
442.5 369.00
443.1 380.00
443.7 392.00
444.3 404.00
445.0 418.00
445.6 429.00
446.2 443.00
446.8 455.00
447.5 466.00
448.1 478.00
448.7 490.00
449.3 501.00
450.0 514.00
450.6 525.00
451.2 538.00
451.8 550.00
452.5 562.00
453.1 573.00
453.7 583.00
454.3 594.00
455.0 604.00
455.6 612.00
456.2 621.00
456.8 629.00
457.5 637.00
458.1 645.00
458.7 653.00
459.3 659.00
460.0 661.00
460.6 669.00
461.2 675.00
461.8 679.00
462.5 684.00
463.1 688.00
463.7 693.00
464.3 700.00
465.0 704.00
465.6 709.00
466.2 711.00
466.8 712.00
467.5 709.00
468.1 699.00
468.7 697.00
469.3 711.00
470.0 721.00
470.6 728.00
471.2 730.00
471.8 732.00
472.5 735.00
473.1 734.00
473.7 735.00
474.3 727.00
475.0 711.00
475.6 716.00
476.2 706.00
476.8 707.00
477.5 722.00
478.1 728.00
478.7 730.00
479.3 728.00
480.0 725.00
480.6 727.00
481.2 721.00
481.8 721.00
482.5 720.00
483.1 718.00
483.7 717.00
484.3 714.00
485.0 713.00
485.6 713.00
486.2 708.00
486.8 706.00
487.5 701.00
488.1 699.00
488.7 697.00
489.3 692.00
490.0 690.00
490.6 684.00
491.2 682.00
491.8 679.00
492.5 674.00
493.1 672.00
493.7 666.00
494.3 666.00
495.0 659.00
495.6 655.00
496.2 651.00
496.8 648.00
497.5 645.00
498.1 639.00
498.7 636.00
499.3 632.00
500.0 626.00
500.6 623.00
501.2 615.00
501.8 611.00
502.5 608.00
503.1 602.00
503.7 595.00
504.3 592.00
505.0 587.00
505.6 582.00
506.2 576.00
506.8 571.00
507.5 567.00
508.1 560.00
508.7 556.00
509.3 551.00
510.0 545.00
510.6 540.00
511.2 535.00
511.8 529.00
512.5 522.00
513.1 519.00
513.7 511.00
514.3 505.00
515.0 501.00
515.6 496.00
516.2 491.00
516.8 487.00
517.5 481.00
518.1 477.00
518.7 472.00
519.3 466.00
520.0 464.00
520.6 456.00
521.2 453.00
521.8 445.00
522.5 441.00
523.1 437.00
523.7 432.00
524.3 427.00
525.0 422.00
525.6 418.00
526.2 414.00
526.8 410.00
527.5 406.00
528.1 401.00
528.7 399.00
529.3 393.00
530.0 387.00
530.6 384.00
531.2 381.00
531.8 377.00
532.5 374.00
533.1 370.00
533.7 367.00
534.3 363.00
535.0 359.00
535.6 357.00
536.2 354.00
536.8 350.00
537.5 348.00
538.1 345.00
538.7 343.00
539.3 339.00
540.0 337.00
540.6 334.00
541.2 332.00
541.8 329.00
542.5 326.00
543.1 325.00
543.7 323.00
544.3 323.00
545.0 320.00
545.6 319.00
546.2 317.00
546.8 316.00
547.5 315.00
548.1 315.00
548.7 314.00
549.3 312.00
550.0 312.00
550.6 311.00
551.2 310.00
551.8 310.00
552.5 310.00
553.1 309.00
553.7 308.00
554.3 308.00
555.0 310.00
555.6 307.00
556.2 309.00
556.8 310.00
557.5 309.00
558.1 310.00
558.7 311.00
559.3 312.00
560.0 313.00
560.6 314.00
561.2 314.00
561.8 315.00
562.5 317.00
563.1 319.00
563.7 320.00
564.3 322.00
565.0 323.00
565.6 324.00
566.2 326.00
566.8 328.00
567.5 331.00
568.1 333.00
568.7 335.00
569.3 340.00
570.0 341.00
570.6 343.00
571.2 346.00
571.8 350.00
572.5 351.00
573.1 355.00
573.7 360.00
574.3 361.00
575.0 364.00
575.6 368.00
576.2 370.00
576.8 376.00
577.5 380.00
578.1 384.00
578.7 388.00
579.3 391.00
580.0 394.00
580.6 401.00
581.2 405.00
581.8 407.00
582.5 411.00
583.1 417.00
583.7 423.00
584.3 427.00
585.0 431.00
585.6 436.00
586.2 440.00
586.8 446.00
587.5 452.00
588.1 457.00
588.7 461.00
589.3 466.00
590.0 473.00
590.6 477.00
591.2 481.00
591.8 485.00
592.5 489.00
593.1 493.00
593.7 499.00
594.3 503.00
595.0 509.00
595.6 512.00
596.2 517.00
596.8 520.00
597.5 524.00
598.1 528.00
598.7 534.00
599.3 541.00
600.0 548.00
600.6 553.00
601.2 558.00
601.8 563.00
602.5 566.00
603.1 570.00
603.7 575.00
604.3 577.00
605.0 580.00
605.6 584.00
606.2 587.00
606.8 590.00
607.5 592.00
608.1 596.00
608.7 598.00
609.3 602.00
610.0 605.00
610.6 606.00
611.2 609.00
611.8 608.00
612.5 609.00
613.1 610.00
613.7 612.00
614.3 614.00
615.0 614.00
615.6 615.00
616.2 620.00
616.8 616.00
617.5 619.00
618.1 619.00
618.7 620.00
619.3 621.00
620.0 622.00
620.6 622.00
621.2 621.00
621.8 620.00
622.5 619.00
623.1 621.00
623.7 619.00
624.3 619.00
625.0 616.00
625.6 617.00
626.2 615.00
626.8 615.00
627.5 614.00
628.1 612.00
628.7 610.00
629.3 611.00
630.0 610.00
630.6 608.00
631.2 608.00
631.8 606.00
632.5 604.00
633.1 603.00
633.7 599.00
634.3 598.00
635.0 595.00
635.6 594.00
636.2 591.00
636.8 589.00
637.5 587.00
638.1 585.00
638.7 584.00
639.3 580.00
640.0 579.00
640.6 577.00
641.2 577.00
641.8 576.00
642.5 572.00
643.1 572.00
643.7 568.00
644.3 565.00
645.0 564.00
645.6 562.00
646.2 560.00
646.8 557.00
647.5 552.00
648.1 553.00
648.7 549.00
649.3 548.00
650.0 544.00
650.6 544.00
651.2 540.00
651.8 541.00
652.5 538.00
653.1 536.00
653.7 535.00
654.3 531.00
655.0 529.00
655.6 527.00
656.2 523.00
656.8 521.00
657.5 518.00
658.1 514.00
658.7 509.00
659.3 505.00
660.0 502.00
660.6 501.00
661.2 500.00
661.8 499.00
662.5 496.00
663.1 494.00
663.7 492.00
664.3 491.00
665.0 489.00
665.6 485.00
666.2 483.00
666.8 480.00
667.5 476.00
668.1 476.00
668.7 470.00
669.3 470.00
670.0 466.00
670.6 465.00
671.2 463.00
671.8 458.00
672.5 456.00
673.1 456.00
673.7 452.00
674.3 450.00
675.0 447.00
675.6 444.00
676.2 444.00
676.8 440.00
677.5 439.00
678.1 434.00
678.7 433.00
679.3 431.00
680.0 427.00
680.6 427.00
681.2 423.00
681.8 419.00
682.5 416.00
683.1 410.00
683.7 407.00
684.3 403.00
685.0 399.00
685.6 393.00
686.2 386.00
686.8 377.00
687.5 362.00
688.1 368.00
688.7 375.00
689.3 383.00
690.0 392.00
690.6 401.00
691.2 411.00
691.8 421.00
692.5 429.00
693.1 429.00
693.7 454.00
694.3 439.00
695.0 485.00
695.6 502.00
696.2 515.00
696.8 530.00
697.5 540.00
698.1 551.00
698.7 558.00
699.3 566.00
700.0 569.00
700.6 574.00
701.2 576.00
701.8 577.00
702.5 577.00
703.1 576.00
703.7 573.00
704.3 571.00
705.0 564.00
705.6 560.00
706.2 553.00
706.8 547.00
707.5 539.00
708.1 534.00
708.7 525.00
709.3 519.00
710.0 512.00
710.6 504.00
711.2 494.00
711.8 487.00
712.5 477.00
713.1 469.00
713.7 462.00
714.3 452.00
715.0 446.00
715.6 439.00
716.2 433.00
716.8 426.00
717.5 419.00
718.1 410.00
718.7 404.00
719.3 398.00
720.0 393.00
720.6 387.00
721.2 382.00
721.8 379.00
722.5 374.00
723.1 368.00
723.7 363.00
724.3 359.00
725.0 355.00
725.6 351.00
726.2 347.00
726.8 342.00
727.5 337.00
728.1 333.00
728.7 329.00
729.3 325.00
730.0 321.00
730.6 317.00
731.2 313.00
731.8 309.00
732.5 304.00
733.1 303.00
733.7 299.00
734.3 295.00
735.0 292.00
735.6 289.00
736.2 285.00
736.8 283.00
737.5 280.00
738.1 277.00
738.7 275.00
739.3 273.00
740.0 270.00
740.6 267.00
741.2 264.00
741.8 261.00
742.5 257.00
743.1 255.00
743.7 253.00
744.3 250.00
745.0 247.00
745.6 245.00
746.2 242.00
746.8 240.00
747.5 238.00
748.1 234.00
748.7 232.00
749.3 231.00
750.0 227.00
