300.0 46.00
300.6 50.00
301.2 54.00
301.8 58.00
302.5 61.00
303.1 66.00
303.7 71.00
304.3 75.00
305.0 79.00
305.6 84.00
306.2 89.00
306.8 92.00
307.5 99.00
308.1 103.00
308.7 108.00
309.3 114.00
310.0 121.00
310.6 126.00
311.2 133.00
311.8 138.00
312.5 146.00
313.1 152.00
313.7 159.00
314.3 164.00
315.0 170.00
315.6 178.00
316.2 185.00
316.8 191.00
317.5 199.00
318.1 206.00
318.7 212.00
319.3 218.00
320.0 228.00
320.6 235.00
321.2 242.00
321.8 251.00
322.5 258.00
323.1 266.00
323.7 275.00
324.3 281.00
325.0 288.00
325.6 299.00
326.2 306.00
326.8 314.00
327.5 322.00
328.1 335.00
328.7 338.00
329.3 344.00
330.0 353.00
330.6 360.00
331.2 366.00
331.8 379.00
332.5 387.00
333.1 392.00
333.7 404.00
334.3 409.00
335.0 420.00
335.6 428.00
336.2 434.00
336.8 440.00
337.5 451.00
338.1 454.00
338.7 462.00
339.3 469.00
340.0 479.00
340.6 490.00
341.2 495.00
341.8 503.00
342.5 509.00
343.1 520.00
343.7 530.00
344.3 535.00
345.0 544.00
345.6 554.00
346.2 562.00
346.8 569.00
347.5 576.00
348.1 584.00
348.7 584.00
349.3 589.00
350.0 600.00
350.6 604.00
351.2 607.00
351.8 614.00
352.5 620.00
353.1 631.00
353.7 630.00
354.3 632.00
355.0 634.00
355.6 633.00
356.2 633.00
356.8 635.00
357.5 639.00
358.1 641.00
358.7 635.00
359.3 636.00
360.0 634.00
360.6 628.00
361.2 631.00
361.8 625.00
362.5 624.00
363.1 621.00
363.7 613.00
364.3 612.00
365.0 608.00
365.6 603.00
366.2 593.00
366.8 588.00
367.5 581.00
368.1 573.00
368.7 565.00
369.3 557.00
370.0 551.00
370.6 538.00
371.2 531.00
371.8 520.00
372.5 511.00
373.1 500.00
373.7 492.00
374.3 484.00
375.0 471.00
375.6 459.00
376.2 450.00
376.8 442.00
377.5 429.00
378.1 424.00
378.7 412.00
379.3 404.00
380.0 392.00
380.6 388.00
381.2 377.00
381.8 368.00
382.5 359.00
383.1 348.00
383.7 340.00
384.3 332.00
385.0 328.00
385.6 318.00
386.2 314.00
386.8 305.00
387.5 299.00
388.1 296.00
388.7 287.00
389.3 285.00
390.0 278.00
390.6 275.00
391.2 271.00
391.8 263.00
392.5 260.00
393.1 257.00
393.7 253.00
394.3 251.00
395.0 247.00
395.6 244.00
396.2 241.00
396.8 238.00
397.5 234.00
398.1 233.00
398.7 231.00
399.3 231.00
400.0 229.00
400.6 228.00
401.2 225.00
401.8 229.00
402.5 227.00
403.1 231.00
403.7 233.00
404.3 233.00
405.0 234.00
405.6 237.00
406.2 237.00
406.8 241.00
407.5 243.00
408.1 250.00
408.7 252.00
409.3 254.00
410.0 259.00
410.6 261.00
411.2 268.00
411.8 274.00
412.5 277.00
413.1 283.00
413.7 290.00
414.3 294.00
415.0 301.00
415.6 308.00
416.2 315.00
416.8 325.00
417.5 337.00
418.1 344.00
418.7 359.00
419.3 371.00
420.0 387.00
420.6 403.00
421.2 416.00
421.8 436.00
422.5 451.00
423.1 474.00
423.7 497.00
424.3 520.00
425.0 541.00
425.6 562.00
426.2 590.00
426.8 612.00
427.5 642.00
428.1 665.00
428.7 689.00
429.3 715.00
430.0 742.00
430.6 772.00
431.2 799.00
431.8 828.00
432.5 860.00
433.1 889.00
433.7 926.00
434.3 958.00
435.0 993.00
435.6 1028.0
436.2 1062.0
436.8 1098.0
437.5 1143.0
438.1 1183.0
438.7 1216.0
439.3 1267.0
440.0 1322.0
440.6 1367.0
441.2 1418.0
441.8 1481.0
442.5 1516.0
443.1 1563.0
443.7 1619.0
444.3 1666.0
445.0 1723.0
445.6 1777.0
446.2 1833.0
446.8 1887.0
447.5 1934.0
448.1 1992.0
448.7 2034.0
449.3 2076.0
450.0 2120.0
450.6 2173.0
451.2 2226.0
451.8 2273.0
452.5 2336.0
453.1 2369.0
453.7 2424.0
454.3 2473.0
455.0 2504.0
455.6 2530.0
456.2 2574.0
456.8 2618.0
457.5 2671.0
458.1 2701.0
458.7 2688.0
459.3 2702.0
460.0 2726.0
460.6 2735.0
461.2 2765.0
461.8 2791.0
462.5 2810.0
463.1 2816.0
463.7 2842.0
464.3 2875.0
465.0 2899.0
465.6 2909.0
466.2 2921.0
466.8 2918.0
467.5 2894.0
468.1 2842.0
468.7 2831.0
469.3 2894.0
470.0 2928.0
470.6 2955.0
471.2 2967.0
471.8 2979.0
472.5 2975.0
473.1 2964.0
473.7 2957.0
474.3 2924.0
475.0 2856.0
475.6 2881.0
476.2 2835.0
476.8 2835.0
477.5 2907.0
478.1 2934.0
478.7 2934.0
479.3 2935.0
480.0 2919.0
480.6 2921.0
481.2 2913.0
481.8 2902.0
482.5 2890.0
483.1 2884.0
483.7 2892.0
484.3 2880.0
485.0 2872.0
485.6 2859.0
486.2 2848.0
486.8 2842.0
487.5 2830.0
488.1 2816.0
488.7 2815.0
489.3 2796.0
490.0 2775.0
490.6 2770.0
491.2 2754.0
491.8 2734.0
492.5 2725.0
493.1 2699.0
493.7 2691.0
494.3 2675.0
495.0 2654.0
495.6 2628.0
496.2 2623.0
496.8 2604.0
497.5 2585.0
498.1 2571.0
498.7 2553.0
499.3 2536.0
500.0 2512.0
500.6 2491.0
501.2 2468.0
501.8 2455.0
502.5 2438.0
503.1 2413.0
503.7 2389.0
504.3 2369.0
505.0 2364.0
505.6 2336.0
506.2 2310.0
506.8 2290.0
507.5 2267.0
508.1 2252.0
508.7 2224.0
509.3 2199.0
510.0 2185.0
510.6 2162.0
511.2 2137.0
511.8 2122.0
512.5 2099.0
513.1 2072.0
513.7 2054.0
514.3 2042.0
515.0 2012.0
515.6 1996.0
516.2 1969.0
516.8 1955.0
517.5 1937.0
518.1 1910.0
518.7 1889.0
519.3 1866.0
520.0 1848.0
520.6 1824.0
521.2 1800.0
521.8 1777.0
522.5 1756.0
523.1 1740.0
523.7 1719.0
524.3 1698.0
525.0 1677.0
525.6 1667.0
526.2 1651.0
526.8 1636.0
527.5 1610.0
528.1 1592.0
528.7 1581.0
529.3 1560.0
530.0 1544.0
530.6 1529.0
531.2 1506.0
531.8 1491.0
532.5 1488.0
533.1 1465.0
533.7 1452.0
534.3 1434.0
535.0 1423.0
535.6 1410.0
536.2 1402.0
536.8 1388.0
537.5 1378.0
538.1 1360.0
538.7 1354.0
539.3 1342.0
540.0 1331.0
540.6 1326.0
541.2 1314.0
541.8 1307.0
542.5 1303.0
543.1 1292.0
543.7 1285.0
544.3 1276.0
545.0 1269.0
545.6 1263.0
546.2 1259.0
546.8 1246.0
547.5 1244.0
548.1 1235.0
548.7 1239.0
549.3 1231.0
550.0 1230.0
550.6 1228.0
551.2 1225.0
551.8 1224.0
552.5 1224.0
553.1 1223.0
553.7 1220.0
554.3 1220.0
555.0 1219.0
555.6 1213.0
556.2 1215.0
556.8 1218.0
557.5 1222.0
558.1 1222.0
558.7 1228.0
559.3 1232.0
560.0 1233.0
560.6 1232.0
561.2 1236.0
561.8 1243.0
562.5 1248.0
563.1 1257.0
563.7 1257.0
564.3 1266.0
565.0 1276.0
565.6 1275.0
566.2 1284.0
566.8 1293.0
567.5 1302.0
568.1 1318.0
568.7 1321.0
569.3 1330.0
570.0 1339.0
570.6 1354.0
571.2 1360.0
571.8 1367.0
572.5 1387.0
573.1 1397.0
573.7 1409.0
574.3 1420.0
575.0 1433.0
575.6 1447.0
576.2 1464.0
576.8 1475.0
577.5 1493.0
578.1 1509.0
578.7 1519.0
579.3 1539.0
580.0 1550.0
580.6 1570.0
581.2 1591.0
581.8 1604.0
582.5 1625.0
583.1 1639.0
583.7 1658.0
584.3 1678.0
585.0 1693.0
585.6 1717.0
586.2 1741.0
586.8 1763.0
587.5 1780.0
588.1 1801.0
588.7 1816.0
589.3 1841.0
590.0 1860.0
590.6 1883.0
591.2 1897.0
591.8 1912.0
592.5 1938.0
593.1 1959.0
593.7 1983.0
594.3 2003.0
595.0 2025.0
595.6 2036.0
596.2 2063.0
596.8 2083.0
597.5 2107.0
598.1 2127.0
598.7 2145.0
599.3 2165.0
600.0 2180.0
600.6 2198.0
601.2 2213.0
601.8 2231.0
602.5 2243.0
603.1 2257.0
603.7 2280.0
604.3 2281.0
605.0 2303.0
605.6 2308.0
606.2 2329.0
606.8 2331.0
607.5 2349.0
608.1 2360.0
608.7 2371.0
609.3 2382.0
610.0 2389.0
610.6 2403.0
611.2 2408.0
611.8 2415.0
612.5 2417.0
613.1 2422.0
613.7 2426.0
614.3 2427.0
615.0 2432.0
615.6 2433.0
616.2 2441.0
616.8 2441.0
617.5 2452.0
618.1 2452.0
618.7 2450.0
619.3 2457.0
620.0 2449.0
620.6 2449.0
621.2 2457.0
621.8 2458.0
622.5 2446.0
623.1 2442.0
623.7 2438.0
624.3 2433.0
625.0 2431.0
625.6 2430.0
626.2 2421.0
626.8 2420.0
627.5 2421.0
628.1 2417.0
628.7 2407.0
629.3 2407.0
630.0 2405.0
630.6 2394.0
631.2 2388.0
631.8 2386.0
632.5 2381.0
633.1 2371.0
633.7 2364.0
634.3 2349.0
635.0 2345.0
635.6 2341.0
636.2 2335.0
636.8 2317.0
637.5 2319.0
638.1 2314.0
638.7 2307.0
639.3 2291.0
640.0 2283.0
640.6 2282.0
641.2 2284.0
641.8 2262.0
642.5 2258.0
643.1 2250.0
643.7 2242.0
644.3 2230.0
645.0 2228.0
645.6 2220.0
646.2 2215.0
646.8 2199.0
647.5 2188.0
648.1 2172.0
648.7 2164.0
649.3 2158.0
650.0 2148.0
650.6 2139.0
651.2 2133.0
651.8 2125.0
652.5 2113.0
653.1 2104.0
653.7 2104.0
654.3 2089.0
655.0 2082.0
655.6 2069.0
656.2 2063.0
656.8 2045.0
657.5 2034.0
658.1 2013.0
658.7 2003.0
659.3 1990.0
660.0 1970.0
660.6 1970.0
661.2 1970.0
661.8 1959.0
662.5 1950.0
663.1 1938.0
663.7 1930.0
664.3 1920.0
665.0 1914.0
665.6 1907.0
666.2 1895.0
666.8 1886.0
667.5 1868.0
668.1 1855.0
668.7 1847.0
669.3 1841.0
670.0 1833.0
670.6 1820.0
671.2 1811.0
671.8 1799.0
672.5 1798.0
673.1 1783.0
673.7 1776.0
674.3 1764.0
675.0 1749.0
675.6 1741.0
676.2 1734.0
676.8 1720.0
677.5 1710.0
678.1 1700.0
678.7 1696.0
679.3 1689.0
680.0 1673.0
680.6 1665.0
681.2 1646.0
681.8 1637.0
682.5 1618.0
683.1 1615.0
683.7 1592.0
684.3 1581.0
685.0 1558.0
685.6 1535.0
686.2 1509.0
686.8 1477.0
687.5 1417.0
688.1 1436.0
688.7 1470.0
689.3 1496.0
690.0 1532.0
690.6 1562.0
691.2 1605.0
691.8 1656.0
692.5 1680.0
693.1 1685.0
693.7 1782.0
694.3 1717.0
695.0 1902.0
695.6 1974.0
696.2 2031.0
696.8 2074.0
697.5 2119.0
698.1 2163.0
698.7 2195.0
699.3 2221.0
700.0 2243.0
700.6 2264.0
701.2 2277.0
701.8 2278.0
702.5 2271.0
703.1 2265.0
703.7 2257.0
704.3 2239.0
705.0 2227.0
705.6 2201.0
706.2 2178.0
706.8 2144.0
707.5 2131.0
708.1 2098.0
708.7 2075.0
709.3 2034.0
710.0 2012.0
710.6 1982.0
711.2 1946.0
711.8 1915.0
712.5 1872.0
713.1 1844.0
713.7 1816.0
714.3 1783.0
715.0 1754.0
715.6 1732.0
716.2 1698.0
716.8 1676.0
717.5 1647.0
718.1 1631.0
718.7 1608.0
719.3 1587.0
720.0 1559.0
720.6 1546.0
721.2 1527.0
721.8 1500.0
722.5 1486.0
723.1 1467.0
723.7 1444.0
724.3 1431.0
725.0 1407.0
725.6 1393.0
726.2 1372.0
726.8 1354.0
727.5 1339.0
728.1 1321.0
728.7 1307.0
729.3 1288.0
730.0 1275.0
730.6 1260.0
731.2 1248.0
731.8 1229.0
732.5 1214.0
733.1 1198.0
733.7 1184.0
734.3 1172.0
735.0 1159.0
735.6 1151.0
736.2 1137.0
736.8 1125.0
737.5 1114.0
738.1 1105.0
738.7 1092.0
739.3 1079.0
740.0 1076.0
740.6 1062.0
741.2 1058.0
741.8 1042.0
742.5 1028.0
743.1 1020.0
743.7 1009.0
744.3 997.00
745.0 993.00
745.6 981.00
746.2 967.00
746.8 952.00
747.5 946.00
748.1 942.00
748.7 930.00
749.3 912.00
750.0 908.00
