300.000000 0.347826
300.600006 0.340000
301.200012 0.333333
301.799988 0.310345
302.500000 0.311475
303.100006 0.303030
303.700012 0.295775
304.299988 0.293333
305.000000 0.278481
305.600006 0.273810
306.200012 0.269663
306.799988 0.271739
307.500000 0.262626
308.100006 0.252427
308.700012 0.259259
309.299988 0.254386
310.000000 0.256198
310.600006 0.253968
311.200012 0.248120
311.799988 0.253623
312.500000 0.246575
313.100006 0.250000
313.700012 0.245283
314.299988 0.250000
315.000000 0.252941
315.600006 0.247191
316.200012 0.254054
316.799988 0.256545
317.500000 0.256281
318.100006 0.257282
318.700012 0.259434
319.299988 0.261468
320.000000 0.258772
320.600006 0.263830
321.200012 0.264463
321.799988 0.266932
322.500000 0.271318
323.100006 0.274436
323.700012 0.272727
324.299988 0.281139
325.000000 0.284722
325.600006 0.280936
326.200012 0.284314
326.799988 0.289809
327.500000 0.288820
328.100006 0.289552
328.700012 0.295858
329.299988 0.302326
330.000000 0.300283
330.600006 0.308333
331.200012 0.316940
331.799988 0.313984
332.500000 0.317829
333.100006 0.323980
333.700012 0.324257
334.299988 0.330073
335.000000 0.328571
335.600006 0.334112
336.200012 0.336406
336.799988 0.345455
337.500000 0.345898
338.100006 0.354626
338.700012 0.354978
339.299988 0.360341
340.000000 0.359081
340.600006 0.365306
341.200012 0.371717
341.799988 0.375746
342.500000 0.383104
343.100006 0.386538
343.700012 0.390566
344.299988 0.398131
345.000000 0.400735
345.600006 0.404332
346.200012 0.409253
346.799988 0.418278
347.500000 0.421875
348.100006 0.426370
348.700012 0.438356
349.299988 0.448217
350.000000 0.448333
350.600006 0.456954
351.200012 0.467875
351.799988 0.475570
352.500000 0.482258
353.100006 0.488114
353.700012 0.500000
354.299988 0.511076
355.000000 0.522082
355.600006 0.535545
356.200012 0.548183
356.799988 0.559055
357.500000 0.569640
358.100006 0.580343
358.700012 0.598425
359.299988 0.610063
360.000000 0.626183
360.600006 0.648089
361.200012 0.659271
361.799988 0.680000
362.500000 0.697115
363.100006 0.714976
363.700012 0.740620
364.299988 0.756536
365.000000 0.776316
365.600006 0.797678
366.200012 0.831366
366.799988 0.853741
367.500000 0.881239
368.100006 0.912740
368.700012 0.945133
369.299988 0.978456
370.000000 1.005445
370.600006 1.050186
371.200012 1.084746
371.799988 1.132692
372.500000 1.170254
373.100006 1.218000
373.700012 1.262195
374.299988 1.301653
375.000000 1.365180
375.600006 1.418301
376.200012 1.475556
376.799988 1.522624
377.500000 1.601399
378.100006 1.646226
378.700012 1.725728
379.299988 1.801980
380.000000 1.882653
380.600006 1.940722
381.200012 2.047745
381.799988 2.146739
382.500000 2.259053
383.100006 2.396552
383.700012 2.502941
384.299988 2.620482
385.000000 2.753049
385.600006 2.864780
386.200012 2.907643
386.799988 3.045902
387.500000 3.170568
388.100006 3.250000
388.700012 3.386760
389.299988 3.442105
390.000000 3.579137
390.600006 3.665455
391.200012 3.734317
391.799988 3.874525
392.500000 3.976923
393.100006 4.077821
393.700012 4.209486
394.299988 4.294821
395.000000 4.425101
395.600006 4.540984
396.200012 4.672199
396.799988 4.819328
397.500000 4.987179
398.100006 5.077253
398.700012 5.194805
399.299988 5.272727
400.000000 5.401747
400.600006 5.473684
401.200012 5.577778
401.799988 5.558952
402.500000 5.691630
403.100006 5.666667
403.700012 5.699571
404.299988 5.789700
405.000000 5.846154
405.600006 5.839663
406.200012 5.915612
406.799988 5.892116
407.500000 5.860082
408.100006 5.668000
408.700012 5.611111
409.299988 5.606299
410.000000 5.552124
410.600006 5.547893
411.200012 5.444030
411.799988 5.361314
412.500000 5.339350
413.100006 5.254417
413.700012 5.131034
414.299988 5.051021
415.000000 4.976744
415.600006 4.899351
416.200012 4.847619
416.799988 4.723077
417.500000 4.584570
418.100006 4.537791
418.700012 4.417827
419.299988 4.353100
420.000000 4.245478
420.600006 4.151365
421.200012 4.093750
421.799988 3.972477
422.500000 3.909091
423.100006 3.808017
423.700012 3.708250
424.299988 3.615385
425.000000 3.543438
425.600006 3.483986
426.200012 3.381356
426.799988 3.320261
427.500000 3.232087
428.100006 3.174436
428.700012 3.084180
429.299988 3.000000
430.000000 2.924528
430.600006 2.834197
431.200012 2.765957
431.799988 2.693237
432.500000 2.615116
433.100006 2.551181
433.700012 2.458963
434.299988 2.377871
435.000000 2.304129
435.600006 2.238327
436.200012 2.181733
436.799988 2.116575
437.500000 2.048119
438.100006 1.988166
438.700012 1.946546
439.299988 1.879242
440.000000 1.818457
440.600006 1.768837
441.200012 1.719323
441.799988 1.663741
442.500000 1.643799
443.100006 1.607166
443.700012 1.565164
444.299988 1.533613
445.000000 1.497388
445.600006 1.468205
446.200012 1.436989
446.799988 1.411765
447.500000 1.390900
448.100006 1.360944
448.700012 1.350541
449.299988 1.336705
450.000000 1.315094
450.600006 1.294063
451.200012 1.274034
451.799988 1.258689
452.500000 1.237158
453.100006 1.227944
453.700012 1.211221
454.299988 1.198949
455.000000 1.193291
455.600006 1.186561
456.200012 1.172494
456.799988 1.161956
457.500000 1.150131
458.100006 1.146612
458.700012 1.161830
459.299988 1.166543
460.000000 1.165811
460.600006 1.172943
461.200012 1.169620
461.799988 1.175564
462.500000 1.182918
463.100006 1.203835
463.700012 1.201267
464.299988 1.199304
465.000000 1.199724
465.600006 1.189756
466.200012 1.173571
466.799988 1.168951
467.500000 1.167588
468.100006 1.185785
468.700012 1.191805
469.299988 1.165515
470.000000 1.150615
470.600006 1.142470
471.200012 1.137513
471.799988 1.134273
472.500000 1.133782
473.100006 1.138327
473.700012 1.139669
474.299988 1.153215
475.000000 1.180322
475.600006 1.169386
476.200012 1.189065
476.799988 1.185538
477.500000 1.156863
478.100006 1.146217
478.700012 1.141786
479.299988 1.142078
480.000000 1.147653
480.600006 1.144471
481.200012 1.146928
481.799988 1.150586
482.500000 1.155017
483.100006 1.158460
483.700012 1.154564
484.299988 1.157986
485.000000 1.161908
485.600006 1.165442
486.200012 1.170997
486.799988 1.173821
487.500000 1.179152
488.100006 1.185369
488.700012 1.185435
489.299988 1.192060
490.000000 1.202523
490.600006 1.205054
491.200012 1.211329
491.799988 1.221653
492.500000 1.226422
493.100006 1.237495
493.700012 1.240059
494.299988 1.249720
495.000000 1.260362
495.600006 1.273973
496.200012 1.275257
496.799988 1.284946
497.500000 1.294004
498.100006 1.300272
498.700012 1.309048
499.299988 1.320189
500.000000 1.332404
500.600006 1.341630
501.200012 1.354943
501.799988 1.362933
502.500000 1.372436
503.100006 1.386656
503.700012 1.400586
504.299988 1.411144
505.000000 1.415398
505.600006 1.432363
506.200012 1.448918
506.799988 1.462445
507.500000 1.476400
508.100006 1.487567
508.700012 1.504946
509.299988 1.523875
510.000000 1.531808
510.600006 1.549954
511.200012 1.565278
511.799988 1.576343
512.500000 1.595998
513.099976 1.615830
513.700012 1.630964
514.299988 1.638590
515.000000 1.664513
515.599976 1.675852
516.200012 1.699340
516.799988 1.708440
517.500000 1.723800
518.099976 1.751309
518.700012 1.770249
519.299988 1.790461
520.000000 1.807900
520.599976 1.830044
521.200012 1.856111
521.799988 1.879572
522.500000 1.900342
523.099976 1.919540
523.700012 1.938336
524.299988 1.962898
525.000000 1.987478
525.599976 1.998200
526.200012 2.013931
526.799988 2.034841
527.500000 2.067081
528.099976 2.091080
528.700012 2.106894
529.299988 2.135257
530.000000 2.156088
530.599976 2.178548
531.200012 2.208499
531.799988 2.229376
532.500000 2.237231
533.099976 2.266894
533.700012 2.288568
534.299988 2.318689
535.000000 2.331694
535.599976 2.353901
536.200012 2.365906
536.799988 2.385447
537.500000 2.406386
538.099976 2.438235
538.700012 2.447563
539.299988 2.466468
540.000000 2.488355
540.599976 2.499246
541.200012 2.521309
541.799988 2.529457
542.500000 2.541826
543.099976 2.560371
543.700012 2.575097
544.299988 2.594044
545.000000 2.605201
545.599976 2.615202
546.200012 2.624305
546.799988 2.648475
547.500000 2.655949
548.099976 2.673684
548.700012 2.663438
549.299988 2.679123
550.000000 2.682927
550.599976 2.678339
551.200012 2.685714
551.799988 2.689543
552.500000 2.687092
553.099976 2.688471
553.700012 2.692623
554.299988 2.689344
555.000000 2.689910
555.599976 2.701566
556.200012 2.694650
556.799988 2.686371
557.500000 2.674304
558.099976 2.668576
558.700012 2.658795
559.299988 2.646104
560.000000 2.652068
560.599976 2.642857
561.200012 2.635922
561.799988 2.614642
562.500000 2.606570
563.099976 2.585521
563.700012 2.579952
564.299988 2.563191
565.000000 2.543103
565.599976 2.541961
566.200012 2.522586
566.799988 2.505800
567.500000 2.483871
568.099976 2.449924
568.700012 2.441332
569.299988 2.424060
570.000000 2.405526
570.599976 2.379616
571.200012 2.362500
571.799988 2.348208
572.500000 2.313627
573.099976 2.295634
573.700012 2.273243
574.299988 2.250704
575.000000 2.231682
575.599976 2.201797
576.200012 2.174180
576.799988 2.151864
577.500000 2.127930
578.099976 2.098741
578.700012 2.082949
579.299988 2.053281
580.000000 2.036129
580.599976 2.000637
581.200012 1.983029
581.799988 1.963840
582.500000 1.934769
583.099976 1.917633
583.700012 1.890832
584.299988 1.862932
585.000000 1.846426
585.599976 1.814211
586.200012 1.786330
586.799988 1.764606
587.500000 1.743258
588.099976 1.719600
588.700012 1.701542
589.299988 1.676806
590.000000 1.648925
590.599976 1.627722
591.200012 1.608856
591.799988 1.593096
592.500000 1.569659
593.099976 1.547728
593.700012 1.525971
594.299988 1.507239
595.000000 1.488395
595.599976 1.476915
596.200012 1.454193
596.799988 1.436870
597.500000 1.418605
598.099976 1.400564
598.700012 1.385548
599.299988 1.371825
600.000000 1.358257
600.599976 1.344404
601.200012 1.331676
601.799988 1.319588
602.500000 1.308070
603.099976 1.297297
603.700012 1.282456
604.299988 1.278387
605.000000 1.262701
605.599976 1.255199
606.200012 1.243023
606.799988 1.238095
607.500000 1.224351
608.099976 1.215678
608.700012 1.208773
609.299988 1.197733
610.000000 1.191712
610.599976 1.183104
611.200012 1.178156
611.799988 1.171429
612.500000 1.165494
613.099976 1.161024
613.700012 1.154988
614.299988 1.150391
615.000000 1.145559
615.599976 1.141800
616.200012 1.135600
616.799988 1.133142
617.500000 1.123980
618.099976 1.120718
618.700012 1.117551
619.299988 1.113146
620.000000 1.111474
620.599976 1.106166
621.200012 1.099308
621.799988 1.096013
622.500000 1.098528
623.099976 1.096642
623.700012 1.095570
624.299988 1.093300
625.000000 1.091320
625.599976 1.088477
626.200012 1.086741
626.799988 1.083884
627.500000 1.081784
628.099976 1.076541
628.700012 1.081014
629.299988 1.076859
630.000000 1.072765
630.599976 1.075188
631.200012 1.072446
631.799988 1.070830
632.500000 1.068879
633.099976 1.068747
633.700012 1.065990
634.299988 1.070243
635.000000 1.066951
635.599976 1.066638
636.200012 1.066381
636.799988 1.068623
637.500000 1.065977
638.099976 1.063959
638.700012 1.061985
639.299988 1.065474
640.000000 1.066141
640.599976 1.062226
641.200012 1.054729
641.799988 1.061008
642.500000 1.058902
643.099976 1.059556
643.700012 1.057538
644.299988 1.059193
645.000000 1.053411
645.599976 1.053604
646.200012 1.051467
646.799988 1.051387
647.500000 1.055302
648.099976 1.058471
648.700012 1.058226
649.299988 1.056997
650.000000 1.055866
650.599976 1.056569
651.200012 1.053446
651.799988 1.053177
652.500000 1.054425
653.099976 1.054183
653.700012 1.049905
654.299988 1.051221
655.000000 1.050432
655.599976 1.051232
656.200012 1.052351
656.799988 1.056235
657.500000 1.056539
658.099976 1.061103
658.700012 1.061408
659.299988 1.061809
660.000000 1.068020
660.599976 1.062944
661.200012 1.056853
661.799988 1.058193
662.500000 1.055385
663.099976 1.056760
663.700012 1.055440
664.299988 1.056771
665.000000 1.054336
665.599976 1.052438
666.200012 1.052770
666.799988 1.050901
667.500000 1.055675
668.099976 1.057682
668.700012 1.056849
669.299988 1.054318
670.000000 1.051828
670.599976 1.051648
671.200012 1.052457
671.799988 1.052807
672.500000 1.046719
673.099976 1.049355
673.700012 1.047297
674.299988 1.047619
675.000000 1.051458
675.599976 1.048248
676.200012 1.044983
676.799988 1.050000
677.500000 1.049123
678.099976 1.045294
678.700012 1.041274
679.299988 1.041445
680.000000 1.044232
680.599976 1.041441
681.200012 1.045565
681.799988 1.040928
682.500000 1.042027
683.099976 1.037152
683.700012 1.041457
684.299988 1.037951
685.000000 1.041078
685.599976 1.040391
686.200012 1.039761
686.799988 1.040623
687.500000 1.035992
688.099976 1.040390
688.700012 1.035374
689.299988 1.036765
690.000000 1.034595
690.599976 1.038412
691.200012 1.033645
691.799988 1.032609
692.500000 1.042857
693.099976 1.071810
693.700012 1.043210
694.299988 1.115900
695.000000 1.033649
695.599976 1.025329
696.200012 1.022157
696.799988 1.026037
697.500000 1.025956
698.099976 1.025428
698.700012 1.028702
699.299988 1.032418
700.000000 1.033437
700.599976 1.033127
701.200012 1.034695
701.799988 1.035119
702.500000 1.041832
703.099976 1.041943
703.700012 1.040762
704.299988 1.043323
705.000000 1.041760
705.599976 1.043617
706.200012 1.044077
706.799988 1.049907
707.500000 1.042234
708.099976 1.043851
708.700012 1.043373
709.299988 1.049656
710.000000 1.045229
710.599976 1.044904
711.200012 1.046763
711.799988 1.048042
712.500000 1.056090
713.099976 1.055857
713.700012 1.053414
714.299988 1.058890
715.000000 1.062714
715.599976 1.062933
716.200012 1.073027
716.799988 1.075179
717.500000 1.080146
718.099976 1.073575
718.700012 1.072761
719.299988 1.074354
720.000000 1.082104
720.599976 1.085382
721.200012 1.081860
721.799988 1.088667
722.500000 1.076716
723.099976 1.074983
723.700012 1.067867
724.299988 1.062893
725.000000 1.063255
725.599976 1.061019
726.200012 1.065598
726.799988 1.060561
727.500000 1.060493
728.099976 1.063588
728.700012 1.070390
729.299988 1.069876
730.000000 1.064314
730.599976 1.057937
731.200012 1.052885
731.799988 1.056143
732.500000 1.059308
733.099976 1.064274
733.700012 1.065034
734.299988 1.061433
735.000000 1.067299
735.599976 1.059948
736.200012 1.061566
736.799988 1.057778
737.500000 1.056553
738.099976 1.056109
738.700012 1.060440
739.299988 1.055607
740.000000 1.041822
740.599976 1.045198
741.200012 1.037807
741.799988 1.042226
742.500000 1.041829
743.099976 1.035294
743.700012 1.038652
744.299988 1.041123
745.000000 1.034240
745.599976 1.040775
746.200012 1.044467
746.799988 1.051471
747.500000 1.051797
748.099976 1.042463
748.700012 1.044086
749.299988 1.051535
750.000000 1.046255
