300.000000 2.875000
300.600006 2.941176
301.200012 3.000000
301.799988 3.222222
302.500000 3.210526
303.100006 3.300000
303.700012 3.380952
304.299988 3.409091
305.000000 3.590909
305.600006 3.652174
306.200012 3.708333
306.799988 3.680000
307.500000 3.807692
308.100006 3.961539
308.700012 3.857143
309.299988 3.931035
310.000000 3.903226
310.600006 3.937500
311.200012 4.030303
311.799988 3.942857
312.500000 4.055555
313.100006 4.000000
313.700012 4.076923
314.299988 4.000000
315.000000 3.953488
315.600006 4.045455
316.200012 3.936170
316.799988 3.897959
317.500000 3.901961
318.100006 3.886792
318.700012 3.854545
319.299988 3.824561
320.000000 3.864407
320.600006 3.790323
321.200012 3.781250
321.799988 3.746269
322.500000 3.685714
323.100006 3.643836
323.700012 3.666667
324.299988 3.556962
325.000000 3.512195
325.600006 3.559524
326.200012 3.517241
326.799988 3.450549
327.500000 3.462366
328.100006 3.453608
328.700012 3.380000
329.299988 3.307692
330.000000 3.330189
330.600006 3.243243
331.200012 3.155172
331.799988 3.184874
332.500000 3.146342
333.100006 3.086614
333.700012 3.083969
334.299988 3.029630
335.000000 3.043478
335.600006 2.993007
336.200012 2.972603
336.799988 2.894737
337.500000 2.891026
338.100006 2.819876
338.700012 2.817073
339.299988 2.775148
340.000000 2.784884
340.600006 2.737430
341.200012 2.690217
341.799988 2.661376
342.500000 2.610256
343.100006 2.587065
343.700012 2.560386
344.299988 2.511737
345.000000 2.495413
345.600006 2.473214
346.200012 2.443478
346.799988 2.390756
347.500000 2.370370
348.100006 2.345381
348.700012 2.281250
349.299988 2.231061
350.000000 2.230483
350.600006 2.188406
351.200012 2.137324
351.799988 2.102740
352.500000 2.073579
353.100006 2.048701
353.700012 2.000000
354.299988 1.956656
355.000000 1.915408
355.600006 1.867257
356.200012 1.824208
356.799988 1.788732
357.500000 1.755494
358.100006 1.723118
358.700012 1.671053
359.299988 1.639175
360.000000 1.596977
360.600006 1.542998
361.200012 1.516827
361.799988 1.470588
362.500000 1.434483
363.100006 1.398649
363.700012 1.350220
364.299988 1.321814
365.000000 1.288136
365.600006 1.253638
366.200012 1.202840
366.799988 1.171315
367.500000 1.134766
368.100006 1.095602
368.700012 1.058052
369.299988 1.022018
370.000000 0.994585
370.600006 0.952212
371.200012 0.921875
371.799988 0.882852
372.500000 0.854515
373.100006 0.821018
373.700012 0.792271
374.299988 0.768254
375.000000 0.732504
375.600006 0.705069
376.200012 0.677711
376.799988 0.656761
377.500000 0.624454
378.100006 0.607450
378.700012 0.579466
379.299988 0.554945
380.000000 0.531165
380.600006 0.515272
381.200012 0.488342
381.799988 0.465823
382.500000 0.442663
383.100006 0.417266
383.700012 0.399530
384.299988 0.381609
385.000000 0.363234
385.600006 0.349067
386.200012 0.343921
386.799988 0.328310
387.500000 0.315401
388.100006 0.307692
388.700012 0.295267
389.299988 0.290520
390.000000 0.279397
390.600006 0.272817
391.200012 0.267787
391.799988 0.258096
392.500000 0.251451
393.100006 0.245229
393.700012 0.237559
394.299988 0.232839
395.000000 0.225984
395.600006 0.220217
396.200012 0.214032
396.799988 0.207498
397.500000 0.200514
398.100006 0.196957
398.700012 0.192500
399.299988 0.189655
400.000000 0.185125
400.600006 0.182692
401.200012 0.179283
401.799988 0.179890
402.500000 0.175697
403.100006 0.176471
403.700012 0.175452
404.299988 0.172721
405.000000 0.171053
405.600006 0.171243
406.200012 0.169044
406.799988 0.169718
407.500000 0.170646
408.100006 0.176429
408.700012 0.178218
409.299988 0.178371
410.000000 0.180111
410.600006 0.180249
411.200012 0.183687
411.799988 0.186521
412.500000 0.187289
413.100006 0.190316
413.700012 0.194892
414.299988 0.197980
415.000000 0.200935
415.600006 0.204109
416.200012 0.206287
416.799988 0.211726
417.500000 0.218123
418.100006 0.220372
418.700012 0.226356
419.299988 0.229721
420.000000 0.235545
420.600006 0.240885
421.200012 0.244275
421.799988 0.251732
422.500000 0.255814
423.100006 0.262604
423.700012 0.269669
424.299988 0.276596
425.000000 0.282212
425.600006 0.287028
426.200012 0.295739
426.799988 0.301181
427.500000 0.309398
428.100006 0.315017
428.700012 0.324235
429.299988 0.333333
430.000000 0.341935
430.600006 0.352834
431.200012 0.361538
431.799988 0.371300
432.500000 0.382392
433.100006 0.391975
433.700012 0.406675
434.299988 0.420544
435.000000 0.434004
435.600006 0.446762
436.200012 0.458351
436.799988 0.472461
437.500000 0.488253
438.100006 0.502976
438.700012 0.513730
439.299988 0.532129
440.000000 0.549917
440.600006 0.565343
441.200012 0.581624
441.799988 0.601055
442.500000 0.608347
443.100006 0.622213
443.700012 0.638911
444.299988 0.652055
445.000000 0.667829
445.600006 0.681104
446.200012 0.695900
446.799988 0.708333
447.500000 0.718959
448.100006 0.734784
448.700012 0.740444
449.299988 0.748108
450.000000 0.760402
450.600006 0.772760
451.200012 0.784908
451.799988 0.794477
452.500000 0.808304
453.100006 0.814369
453.700012 0.825613
454.299988 0.834064
455.000000 0.838019
455.600006 0.842771
456.200012 0.852883
456.799988 0.860618
457.500000 0.869466
458.100006 0.872134
458.700012 0.860711
459.299988 0.857234
460.000000 0.857772
460.600006 0.852556
461.200012 0.854978
461.799988 0.850655
462.500000 0.845367
463.100006 0.830678
463.700012 0.832455
464.299988 0.833817
465.000000 0.833525
465.600006 0.840509
466.200012 0.852100
466.799988 0.855468
467.500000 0.856466
468.100006 0.843323
468.700012 0.839063
469.299988 0.857990
470.000000 0.869101
470.600006 0.875296
471.200012 0.879111
471.799988 0.881622
472.500000 0.882004
473.100006 0.878483
473.700012 0.877448
474.299988 0.867141
475.000000 0.847226
475.600006 0.855150
476.200012 0.840997
476.799988 0.843499
477.500000 0.864407
478.100006 0.872435
478.700012 0.875821
479.299988 0.875597
480.000000 0.871343
480.600006 0.873766
481.200012 0.871895
481.799988 0.869123
482.500000 0.865788
483.100006 0.863215
483.700012 0.866128
484.299988 0.863568
485.000000 0.860653
485.600006 0.858043
486.200012 0.853973
486.799988 0.851918
487.500000 0.848067
488.100006 0.843619
488.700012 0.843572
489.299988 0.838884
490.000000 0.831585
490.600006 0.829838
491.200012 0.825540
491.799988 0.818563
492.500000 0.815380
493.100006 0.808084
493.700012 0.806413
494.299988 0.800179
495.000000 0.793423
495.600006 0.784946
496.200012 0.784155
496.799988 0.778243
497.500000 0.772795
498.100006 0.769070
498.700012 0.763914
499.299988 0.757467
500.000000 0.750523
500.600006 0.745362
501.200012 0.738038
501.799988 0.733712
502.500000 0.728631
503.100006 0.721160
503.700012 0.713987
504.299988 0.708645
505.000000 0.706515
505.600006 0.698147
506.200012 0.690170
506.799988 0.683786
507.500000 0.677323
508.100006 0.672239
508.700012 0.664476
509.299988 0.656222
510.000000 0.652823
510.600006 0.645181
511.200012 0.638864
511.799988 0.634380
512.500000 0.626567
513.099976 0.618877
513.700012 0.613134
514.299988 0.610281
515.000000 0.600776
515.599976 0.596712
516.200012 0.588464
516.799988 0.585329
517.500000 0.580114
518.099976 0.571001
518.700012 0.564892
519.299988 0.558515
520.000000 0.553128
520.599976 0.546435
521.200012 0.538761
521.799988 0.532036
522.500000 0.526221
523.099976 0.520958
523.700012 0.515906
524.299988 0.509451
525.000000 0.503150
525.599976 0.500450
526.200012 0.496541
526.799988 0.491439
527.500000 0.483774
528.099976 0.478222
528.700012 0.474632
529.299988 0.468328
530.000000 0.463803
530.599976 0.459021
531.200012 0.452796
531.799988 0.448556
532.500000 0.446981
533.099976 0.441132
533.700012 0.436955
534.299988 0.431278
535.000000 0.428873
535.599976 0.424827
536.200012 0.422671
536.799988 0.419209
537.500000 0.415561
538.099976 0.410133
538.700012 0.408570
539.299988 0.405438
540.000000 0.401872
540.599976 0.400121
541.200012 0.396619
541.799988 0.395342
542.500000 0.393418
543.099976 0.390568
543.700012 0.388335
544.299988 0.385498
545.000000 0.383848
545.599976 0.382380
546.200012 0.381053
546.799988 0.377576
547.500000 0.376513
548.099976 0.374016
548.700012 0.375455
549.299988 0.373257
550.000000 0.372727
550.599976 0.373366
551.200012 0.372340
551.799988 0.371810
552.500000 0.372150
553.099976 0.371959
553.700012 0.371385
554.299988 0.371838
555.000000 0.371760
555.599976 0.370156
556.200012 0.371106
556.799988 0.372249
557.500000 0.373929
558.099976 0.374732
558.700012 0.376110
559.299988 0.377914
560.000000 0.377064
560.599976 0.378378
561.200012 0.379374
561.799988 0.382462
562.500000 0.383646
563.099976 0.386769
563.700012 0.387604
564.299988 0.390139
565.000000 0.393220
565.599976 0.393397
566.200012 0.396419
566.799988 0.399074
567.500000 0.402597
568.099976 0.408176
568.700012 0.409612
569.299988 0.412531
570.000000 0.415709
570.599976 0.420236
571.200012 0.423280
571.799988 0.425857
572.500000 0.432222
573.099976 0.435610
573.700012 0.439900
574.299988 0.444305
575.000000 0.448093
575.599976 0.454175
576.200012 0.459943
576.799988 0.464713
577.500000 0.469940
578.099976 0.476476
578.700012 0.480089
579.299988 0.487025
580.000000 0.491128
580.599976 0.499841
581.200012 0.504279
581.799988 0.509206
582.500000 0.516858
583.099976 0.521476
583.700012 0.528868
584.299988 0.536788
585.000000 0.541587
585.599976 0.551204
586.200012 0.559807
586.799988 0.566699
587.500000 0.573638
588.099976 0.581531
588.700012 0.587702
589.299988 0.596372
590.000000 0.606456
590.599976 0.614356
591.200012 0.621560
591.799988 0.627708
592.500000 0.637081
593.099976 0.646108
593.700012 0.655321
594.299988 0.663465
595.000000 0.671865
595.599976 0.677087
596.200012 0.687667
596.799988 0.695957
597.500000 0.704918
598.099976 0.713998
598.700012 0.721736
599.299988 0.728956
600.000000 0.736238
600.599976 0.743824
601.200012 0.750933
601.799988 0.757812
602.500000 0.764485
603.099976 0.770833
603.700012 0.779754
604.299988 0.782236
605.000000 0.791953
605.599976 0.796686
606.200012 0.804491
606.799988 0.807692
607.500000 0.816759
608.099976 0.822586
608.700012 0.827285
609.299988 0.834911
610.000000 0.839129
610.599976 0.845234
611.200012 0.848784
611.799988 0.853659
612.500000 0.858005
613.099976 0.861309
613.700012 0.865810
614.299988 0.869269
615.000000 0.872936
615.599976 0.875810
616.200012 0.880592
616.799988 0.882502
617.500000 0.889695
618.099976 0.892285
618.700012 0.894814
619.299988 0.898355
620.000000 0.899706
620.599976 0.904024
621.200012 0.909663
621.799988 0.912398
622.500000 0.910309
623.099976 0.911875
623.700012 0.912767
624.299988 0.914662
625.000000 0.916321
625.599976 0.918715
626.200012 0.920182
626.799988 0.922608
627.500000 0.924399
628.099976 0.928901
628.700012 0.925058
629.299988 0.928627
630.000000 0.932171
630.599976 0.930070
631.200012 0.932448
631.799988 0.933855
632.500000 0.935560
633.099976 0.935675
633.700012 0.938095
634.299988 0.934368
635.000000 0.937250
635.599976 0.937525
636.200012 0.937751
636.799988 0.935784
637.500000 0.938107
638.099976 0.939886
638.700012 0.941633
639.299988 0.938550
640.000000 0.937962
640.599976 0.941419
641.200012 0.948111
641.799988 0.942500
642.500000 0.944375
643.099976 0.943792
643.700012 0.945593
644.299988 0.944115
645.000000 0.949297
645.599976 0.949124
646.200012 0.951052
646.799988 0.951125
647.500000 0.947596
648.099976 0.944759
648.700012 0.944978
649.299988 0.946076
650.000000 0.947090
650.599976 0.946460
651.200012 0.949266
651.799988 0.949508
652.500000 0.948384
653.099976 0.948602
653.700012 0.952467
654.299988 0.951275
655.000000 0.951989
655.599976 0.951264
656.200012 0.950253
656.799988 0.946759
657.500000 0.946487
658.099976 0.942416
658.700012 0.942145
659.299988 0.941789
660.000000 0.936312
660.599976 0.940783
661.200012 0.946206
661.799988 0.945007
662.500000 0.947522
663.099976 0.946289
663.700012 0.947472
664.299988 0.946279
665.000000 0.948464
665.599976 0.950174
666.200012 0.949875
666.799988 0.951564
667.500000 0.947262
668.099976 0.945464
668.700012 0.946209
669.299988 0.948480
670.000000 0.950726
670.599976 0.950888
671.200012 0.950157
671.799988 0.949842
672.500000 0.955367
673.099976 0.952966
673.700012 0.954839
674.299988 0.954545
675.000000 0.951060
675.599976 0.953973
676.200012 0.956954
676.799988 0.952381
677.500000 0.953177
678.099976 0.956669
678.700012 0.960362
679.299988 0.960205
680.000000 0.957642
680.599976 0.960208
681.200012 0.956421
681.799988 0.960681
682.500000 0.959668
683.099976 0.964179
683.700012 0.960193
684.299988 0.963437
685.000000 0.960543
685.599976 0.961177
686.200012 0.961759
686.799988 0.960963
687.500000 0.965259
688.099976 0.961178
688.700012 0.965834
689.299988 0.964539
690.000000 0.966561
690.599976 0.963009
691.200012 0.967450
691.799988 0.968421
692.500000 0.958904
693.099976 0.933001
693.700012 0.958580
694.299988 0.896138
695.000000 0.967447
695.599976 0.975296
696.200012 0.978324
696.799988 0.974624
697.500000 0.974701
698.099976 0.975203
698.700012 0.972099
699.299988 0.968600
700.000000 0.967645
700.599976 0.967935
701.200012 0.966469
701.799988 0.966073
702.500000 0.959848
703.099976 0.959746
703.700012 0.960834
704.299988 0.958476
705.000000 0.959914
705.599976 0.958206
706.200012 0.957784
706.799988 0.952466
707.500000 0.959478
708.099976 0.957991
708.700012 0.958430
709.299988 0.952693
710.000000 0.956728
710.599976 0.957026
711.200012 0.955326
711.799988 0.954160
712.500000 0.946889
713.099976 0.947098
713.700012 0.949294
714.299988 0.944386
715.000000 0.940987
715.599976 0.940793
716.200012 0.931943
716.799988 0.930078
717.500000 0.925801
718.099976 0.931468
718.700012 0.932174
719.299988 0.930792
720.000000 0.924126
720.599976 0.921335
721.200012 0.924334
721.799988 0.918555
722.500000 0.928750
723.099976 0.930247
723.700012 0.936446
724.299988 0.940828
725.000000 0.940508
725.599976 0.942490
726.200012 0.938441
726.799988 0.942897
727.500000 0.942958
728.099976 0.940214
728.700012 0.934239
729.299988 0.934688
730.000000 0.939573
730.599976 0.945236
731.200012 0.949772
731.799988 0.946841
732.500000 0.944012
733.099976 0.939608
733.700012 0.938937
734.299988 0.942122
735.000000 0.936944
735.599976 0.943443
736.200012 0.942005
736.799988 0.945378
737.500000 0.946474
738.099976 0.946872
738.700012 0.943005
739.299988 0.947322
740.000000 0.959857
740.599976 0.956757
741.200012 0.963570
741.799988 0.959484
742.500000 0.959851
743.099976 0.965909
743.700012 0.962786
744.299988 0.960501
745.000000 0.966894
745.599976 0.960823
746.200012 0.957426
746.799988 0.951049
747.500000 0.950754
748.099976 0.959267
748.700012 0.957775
749.299988 0.950991
750.000000 0.955789
