300.000000 1.000000
300.600006 1.000000
301.200012 1.000000
301.799988 1.055556
302.500000 1.052632
303.100006 1.050000
303.700012 1.047619
304.299988 1.045455
305.000000 1.090909
305.600006 1.086957
306.200012 1.083333
306.799988 1.120000
307.500000 1.076923
308.100006 1.192308
308.700012 1.142857
309.299988 1.137931
310.000000 1.129032
310.600006 1.125000
311.200012 1.121212
311.799988 1.114286
312.500000 1.111111
313.100006 1.105263
313.700012 1.128205
314.299988 1.097561
315.000000 1.093023
315.600006 1.113636
316.200012 1.085106
316.799988 1.061224
317.500000 1.058824
318.100006 1.056604
318.700012 1.054545
319.299988 1.052632
320.000000 1.033898
320.600006 1.016129
321.200012 1.015625
321.799988 1.000000
322.500000 1.000000
323.100006 0.972603
323.700012 0.973333
324.299988 0.949367
325.000000 0.939024
325.600006 0.940476
326.200012 0.931035
326.799988 0.912088
327.500000 0.913979
328.100006 0.896907
328.700012 0.890000
329.299988 0.875000
330.000000 0.877358
330.600006 0.855856
331.200012 0.836207
331.799988 0.840336
332.500000 0.829268
333.100006 0.818898
333.700012 0.801527
334.299988 0.792593
335.000000 0.789855
335.600006 0.783217
336.200012 0.773973
336.799988 0.756579
337.500000 0.750000
338.100006 0.739130
338.700012 0.737805
339.299988 0.721893
340.000000 0.720930
340.600006 0.703911
341.200012 0.695652
341.799988 0.687831
342.500000 0.682051
343.100006 0.671642
343.700012 0.657005
344.299988 0.647887
345.000000 0.642202
345.600006 0.633929
346.200012 0.626087
346.799988 0.613445
347.500000 0.604938
348.100006 0.602410
348.700012 0.585938
349.299988 0.571970
350.000000 0.572491
350.600006 0.565217
351.200012 0.549296
351.799988 0.537671
352.500000 0.535117
353.100006 0.522727
353.700012 0.514286
354.299988 0.504644
355.000000 0.492447
355.600006 0.483776
356.200012 0.475504
356.799988 0.464789
357.500000 0.453297
358.100006 0.443548
358.700012 0.434211
359.299988 0.425258
360.000000 0.415617
360.600006 0.405405
361.200012 0.394231
361.799988 0.385882
362.500000 0.374713
363.100006 0.364865
363.700012 0.354626
364.299988 0.343413
365.000000 0.334746
365.600006 0.324324
366.200012 0.316430
366.799988 0.304781
367.500000 0.296875
368.100006 0.288719
368.700012 0.275281
369.299988 0.267890
370.000000 0.259928
370.600006 0.251327
371.200012 0.241319
371.799988 0.232598
372.500000 0.224080
373.100006 0.216749
373.700012 0.207729
374.299988 0.200000
375.000000 0.192846
375.600006 0.185868
376.200012 0.177711
376.799988 0.172363
377.500000 0.164483
378.100006 0.157593
378.700012 0.151899
379.299988 0.144231
380.000000 0.140921
380.600006 0.134130
381.200012 0.126943
381.799988 0.122785
382.500000 0.115906
383.100006 0.109113
383.700012 0.105758
384.299988 0.100000
385.000000 0.094131
385.600006 0.092206
386.200012 0.089814
386.799988 0.086114
387.500000 0.083333
388.100006 0.080042
388.700012 0.077160
389.299988 0.076453
390.000000 0.073367
390.600006 0.070437
391.200012 0.069170
391.799988 0.067713
392.500000 0.066731
393.100006 0.063931
393.700012 0.061972
394.299988 0.061224
395.000000 0.058554
395.600006 0.057762
396.200012 0.055950
396.799988 0.054926
397.500000 0.053128
398.100006 0.052409
398.700012 0.050833
399.299988 0.050903
400.000000 0.049313
400.600006 0.048878
401.200012 0.047809
401.799988 0.047918
402.500000 0.047214
403.100006 0.046600
403.700012 0.045934
404.299988 0.045960
405.000000 0.045322
405.600006 0.045520
406.200012 0.044936
406.799988 0.045070
407.500000 0.045646
408.100006 0.046577
408.700012 0.047383
409.299988 0.047051
410.000000 0.047288
410.600006 0.047652
411.200012 0.048663
411.799988 0.049013
412.500000 0.049358
413.100006 0.050437
413.700012 0.051075
414.299988 0.052525
415.000000 0.052737
415.600006 0.054341
416.200012 0.054355
416.799988 0.055375
417.500000 0.056311
418.100006 0.057655
418.700012 0.058638
419.299988 0.059443
420.000000 0.060864
420.600006 0.062164
421.200012 0.063418
421.799988 0.065242
422.500000 0.066364
423.100006 0.067590
423.700012 0.069452
424.299988 0.071277
425.000000 0.072509
425.600006 0.074055
426.200012 0.075188
426.799988 0.076772
427.500000 0.079036
428.100006 0.080531
428.700012 0.082824
429.299988 0.084848
430.000000 0.087558
430.600006 0.089122
431.200012 0.090498
431.799988 0.094170
432.500000 0.096487
433.100006 0.098765
433.700012 0.101888
434.299988 0.104917
435.000000 0.107955
435.600006 0.111256
436.200012 0.113940
436.799988 0.117900
437.500000 0.120889
438.100006 0.124150
438.700012 0.127165
439.299988 0.131457
440.000000 0.133943
440.600006 0.137304
441.200012 0.141920
441.799988 0.144886
442.500000 0.148074
443.100006 0.151274
443.700012 0.154696
444.299988 0.158121
445.000000 0.162015
445.600006 0.164431
446.200012 0.168185
446.799988 0.170796
447.500000 0.173234
448.100006 0.176319
448.700012 0.178376
449.299988 0.180541
450.000000 0.184362
450.600006 0.186700
451.200012 0.189704
451.799988 0.192240
452.500000 0.194464
453.100006 0.196975
453.700012 0.198569
454.299988 0.200337
455.000000 0.202142
455.600006 0.203864
456.200012 0.205765
456.799988 0.206772
457.500000 0.207357
458.100006 0.208266
458.700012 0.209094
459.299988 0.209074
460.000000 0.207992
460.600006 0.208541
461.200012 0.208720
461.799988 0.206949
462.500000 0.205776
463.100006 0.202950
463.700012 0.202988
464.299988 0.203016
465.000000 0.202415
465.600006 0.204854
466.200012 0.207410
466.799988 0.208736
467.500000 0.209825
468.100006 0.207418
468.700012 0.206580
469.299988 0.210792
470.000000 0.214010
470.600006 0.215640
471.200012 0.216296
471.799988 0.216632
472.500000 0.217907
473.100006 0.217546
473.700012 0.218101
474.299988 0.215599
475.000000 0.210917
475.600006 0.212526
476.200012 0.209433
476.799988 0.210354
477.500000 0.214689
478.100006 0.216473
478.700012 0.217910
479.299988 0.217184
480.000000 0.216418
480.600006 0.217469
481.200012 0.215804
481.799988 0.215933
482.500000 0.215698
483.100006 0.214906
483.700012 0.214735
484.299988 0.214093
485.000000 0.213665
485.600006 0.213986
486.200012 0.212294
486.799988 0.211631
487.500000 0.210069
488.100006 0.209407
488.700012 0.208870
489.299988 0.207621
490.000000 0.206773
490.600006 0.204913
491.200012 0.204436
491.799988 0.203293
492.500000 0.201676
493.100006 0.201198
493.700012 0.199580
494.299988 0.199222
495.000000 0.197010
495.600006 0.195639
496.200012 0.194619
496.799988 0.193664
497.500000 0.192825
498.100006 0.191146
498.700012 0.190305
499.299988 0.188769
500.000000 0.187033
500.600006 0.186415
501.200012 0.183911
501.799988 0.182606
502.500000 0.181709
503.100006 0.179916
503.700012 0.177824
504.299988 0.177086
505.000000 0.175433
505.600006 0.173939
506.200012 0.172094
506.799988 0.170499
507.500000 0.169405
508.100006 0.167164
508.700012 0.166119
509.299988 0.164429
510.000000 0.162832
510.600006 0.161146
511.200012 0.159940
511.799988 0.158146
512.500000 0.155821
513.099976 0.155018
513.700012 0.152537
514.299988 0.150926
515.000000 0.149597
515.599976 0.148281
516.200012 0.146742
516.799988 0.145808
517.500000 0.144055
518.099976 0.142601
518.700012 0.141148
519.299988 0.139479
520.000000 0.138881
520.599976 0.136609
521.200012 0.135588
521.799988 0.133234
522.500000 0.132155
523.099976 0.130838
523.700012 0.129652
524.299988 0.128113
525.000000 0.126613
525.599976 0.125488
526.200012 0.124511
526.799988 0.123160
527.500000 0.121995
528.099976 0.120457
528.700012 0.119784
529.299988 0.117983
530.000000 0.116251
530.599976 0.115281
531.200012 0.114552
531.799988 0.113418
532.500000 0.112346
533.099976 0.111412
533.700012 0.110442
534.299988 0.109173
535.000000 0.108198
535.599976 0.107563
536.200012 0.106723
536.799988 0.105708
537.500000 0.104946
538.099976 0.104041
538.700012 0.103500
539.299988 0.102417
540.000000 0.101751
540.599976 0.100785
541.200012 0.100211
541.799988 0.099516
542.500000 0.098430
543.099976 0.098247
543.700012 0.097613
544.299988 0.097583
545.000000 0.096794
545.599976 0.096579
546.200012 0.095944
546.799988 0.095758
547.500000 0.095339
548.099976 0.095397
548.700012 0.095152
549.299988 0.094603
550.000000 0.094545
550.599976 0.094558
551.200012 0.094225
551.799988 0.094168
552.500000 0.094254
553.099976 0.093978
553.700012 0.093760
554.299988 0.093874
555.000000 0.094541
555.599976 0.093683
556.200012 0.094380
556.799988 0.094743
557.500000 0.094553
558.099976 0.095063
558.700012 0.095253
559.299988 0.095706
560.000000 0.095719
560.599976 0.096437
561.200012 0.096378
561.799988 0.096923
562.500000 0.097449
563.099976 0.098154
563.700012 0.098674
564.299988 0.099230
565.000000 0.099538
565.599976 0.099969
566.200012 0.100648
566.799988 0.101235
567.500000 0.102350
568.099976 0.103128
568.700012 0.103876
569.299988 0.105459
570.000000 0.105868
570.599976 0.106456
571.200012 0.107688
571.799988 0.109034
572.500000 0.109380
573.099976 0.110695
573.700012 0.112395
574.299988 0.112954
575.000000 0.113821
575.599976 0.115505
576.200012 0.116243
576.799988 0.118463
577.500000 0.119610
578.099976 0.121250
578.700012 0.122630
579.299988 0.123734
580.000000 0.124842
580.599976 0.127666
581.200012 0.128368
581.799988 0.129206
582.500000 0.130725
583.099976 0.132676
583.700012 0.134928
584.299988 0.136596
585.000000 0.137876
585.599976 0.139968
586.200012 0.141479
586.799988 0.143362
587.500000 0.145665
588.099976 0.147562
588.700012 0.149191
589.299988 0.150956
590.000000 0.154222
590.599976 0.155628
591.200012 0.157602
591.799988 0.159225
592.500000 0.160750
593.099976 0.162599
593.700012 0.164904
594.299988 0.166611
595.000000 0.168879
595.599976 0.170269
596.200012 0.172333
596.799988 0.173739
597.500000 0.175309
598.099976 0.177241
598.700012 0.179677
599.299988 0.182155
600.000000 0.185073
600.599976 0.187140
601.200012 0.189345
601.799988 0.191236
602.500000 0.192911
603.099976 0.194672
603.700012 0.196648
604.299988 0.197874
605.000000 0.199450
605.599976 0.201588
606.200012 0.202763
606.799988 0.204435
607.500000 0.205841
608.099976 0.207738
608.700012 0.208653
609.299988 0.211006
610.000000 0.212504
610.599976 0.213155
611.200012 0.214663
611.799988 0.214917
612.500000 0.216187
613.099976 0.216927
613.700012 0.218415
614.299988 0.219914
615.000000 0.220388
615.599976 0.221382
616.200012 0.223665
616.799988 0.222704
617.500000 0.224601
618.099976 0.225255
618.700012 0.226443
619.299988 0.227057
620.000000 0.228508
620.599976 0.229605
621.200012 0.229915
621.799988 0.230141
622.500000 0.230368
623.099976 0.231889
623.700012 0.231748
624.299988 0.232707
625.000000 0.232190
625.599976 0.233270
626.200012 0.233751
626.799988 0.234464
627.500000 0.234441
628.099976 0.235204
628.700012 0.234435
629.299988 0.235725
630.000000 0.236434
630.599976 0.236208
631.200012 0.237407
631.799988 0.237182
632.500000 0.237328
633.099976 0.237964
633.700012 0.237698
634.299988 0.237868
635.000000 0.237810
635.599976 0.237885
636.200012 0.237349
636.799988 0.237884
637.500000 0.237460
638.099976 0.237612
638.700012 0.238367
639.299988 0.237608
640.000000 0.237880
640.599976 0.238036
641.200012 0.239518
641.799988 0.240000
642.500000 0.239230
643.099976 0.239933
643.700012 0.239561
644.299988 0.239204
645.000000 0.240307
645.599976 0.240274
646.200012 0.240447
646.799988 0.240917
647.500000 0.239065
648.099976 0.240539
648.700012 0.239738
649.299988 0.240246
650.000000 0.239859
650.599976 0.240708
651.200012 0.240320
651.799988 0.241734
652.500000 0.241472
653.099976 0.241659
653.700012 0.242191
654.299988 0.241803
655.000000 0.241884
655.599976 0.242299
656.200012 0.240903
656.799988 0.241204
657.500000 0.241042
658.099976 0.240637
658.700012 0.239417
659.299988 0.238997
660.000000 0.238593
660.599976 0.239255
661.200012 0.240154
661.799988 0.240714
662.500000 0.241011
663.099976 0.241211
663.700012 0.241532
664.299988 0.241991
665.000000 0.242319
665.599976 0.241654
666.200012 0.242105
666.799988 0.242180
667.500000 0.241379
668.099976 0.242610
668.700012 0.240779
669.299988 0.242143
670.000000 0.241701
670.599976 0.242947
671.200012 0.242917
671.799988 0.241816
672.500000 0.242295
673.099976 0.243720
673.700012 0.243011
674.299988 0.243506
675.000000 0.243067
675.599976 0.243288
676.200012 0.245033
676.799988 0.243632
677.500000 0.244705
678.099976 0.244232
678.700012 0.245187
679.299988 0.245026
680.000000 0.244419
680.599976 0.246251
681.200012 0.245787
681.799988 0.245892
682.500000 0.246738
683.099976 0.244776
683.700012 0.245476
684.299988 0.245582
685.000000 0.245993
685.599976 0.246086
686.200012 0.246017
686.799988 0.245283
687.500000 0.246594
688.099976 0.246319
688.700012 0.246386
689.299988 0.246937
690.000000 0.247319
690.599976 0.247226
691.200012 0.247740
691.799988 0.246199
692.500000 0.244863
693.099976 0.237542
693.700012 0.244217
694.299988 0.229123
695.000000 0.246694
695.599976 0.248024
696.200012 0.248073
696.799988 0.249060
697.500000 0.248390
698.099976 0.248422
698.700012 0.247121
699.299988 0.246838
700.000000 0.245470
700.599976 0.245404
701.200012 0.244482
701.799988 0.244699
702.500000 0.243872
703.099976 0.244068
703.700012 0.243934
704.299988 0.244435
705.000000 0.243103
705.599976 0.243796
706.200012 0.243184
706.799988 0.243003
707.500000 0.242683
708.099976 0.243836
708.700012 0.242494
709.299988 0.243091
710.000000 0.243462
710.599976 0.243361
711.200012 0.242514
711.799988 0.242651
712.500000 0.241275
713.099976 0.240883
713.700012 0.241505
714.299988 0.239407
715.000000 0.239270
715.599976 0.238457
716.200012 0.237651
716.799988 0.236404
717.500000 0.235526
718.099976 0.234152
718.700012 0.234203
719.299988 0.233431
720.000000 0.232958
720.599976 0.230632
721.200012 0.231235
721.799988 0.232088
722.500000 0.233750
723.099976 0.233354
723.700012 0.235409
724.299988 0.236029
725.000000 0.237299
725.599976 0.237483
726.200012 0.237346
726.799988 0.238162
727.500000 0.237324
728.099976 0.237011
728.700012 0.235168
729.299988 0.235849
730.000000 0.236551
730.599976 0.237809
731.200012 0.238204
731.799988 0.238059
732.500000 0.236392
733.099976 0.237647
733.700012 0.237113
734.299988 0.237138
735.000000 0.236055
735.599976 0.236885
736.200012 0.236123
736.799988 0.237815
737.500000 0.237893
738.099976 0.237361
738.700012 0.237478
739.299988 0.239684
740.000000 0.240856
740.599976 0.240541
741.200012 0.240437
741.799988 0.240331
742.500000 0.239963
743.099976 0.241477
743.700012 0.241412
744.299988 0.240848
745.000000 0.240506
745.599976 0.239961
746.200012 0.239604
746.799988 0.239760
747.500000 0.239196
748.099976 0.238289
748.700012 0.238929
749.299988 0.240876
750.000000 0.238947
