300.000000 1.000000
300.600006 1.000000
301.200012 1.000000
301.799988 1.000000
302.500000 1.052632
303.100006 1.105263
303.700012 1.100000
304.299988 1.095238
305.000000 1.090909
305.600006 1.136364
306.200012 1.083333
306.799988 1.166667
307.500000 1.120000
308.100006 1.192308
308.700012 1.142857
309.299988 1.178571
310.000000 1.166667
310.600006 1.161290
311.200012 1.121212
311.799988 1.147059
312.500000 1.142857
313.100006 1.135135
313.700012 1.128205
314.299988 1.125000
315.000000 1.119048
315.600006 1.139535
316.200012 1.108696
316.799988 1.083333
317.500000 1.080000
318.100006 1.076923
318.700012 1.074074
319.299988 1.090909
320.000000 1.051724
320.600006 1.032787
321.200012 1.031746
321.799988 1.015152
322.500000 1.029412
323.100006 1.000000
323.700012 1.000000
324.299988 0.986842
325.000000 0.974684
325.600006 0.963415
326.200012 0.964286
326.799988 0.954023
327.500000 0.934066
328.100006 0.925532
328.700012 0.917526
329.299988 0.910000
330.000000 0.894231
330.600006 0.887850
331.200012 0.873874
331.799988 0.869565
332.500000 0.857143
333.100006 0.845528
333.700012 0.826772
334.299988 0.829457
335.000000 0.813433
335.600006 0.805755
336.200012 0.790210
336.799988 0.787671
337.500000 0.774834
338.100006 0.767742
338.700012 0.765823
339.299988 0.748466
340.000000 0.738095
340.600006 0.732558
341.200012 0.715084
341.799988 0.710383
342.500000 0.703704
343.100006 0.695876
343.700012 0.683417
344.299988 0.673171
345.000000 0.663507
345.600006 0.657407
346.200012 0.648649
346.799988 0.637555
347.500000 0.630901
348.100006 0.622407
348.700012 0.609756
349.299988 0.596838
350.000000 0.596899
350.600006 0.586466
351.200012 0.569343
351.799988 0.558719
352.500000 0.553633
353.100006 0.543919
353.700012 0.534653
354.299988 0.527508
355.000000 0.514196
355.600006 0.504615
356.200012 0.496988
356.799988 0.485294
357.500000 0.475504
358.100006 0.463483
358.700012 0.453297
359.299988 0.443548
360.000000 0.434211
360.600006 0.425258
361.200012 0.414141
361.799988 0.404938
362.500000 0.393720
363.100006 0.382979
363.700012 0.370968
364.299988 0.361364
365.000000 0.351893
365.600006 0.341357
366.200012 0.333333
366.799988 0.322105
367.500000 0.312757
368.100006 0.305668
368.700012 0.291667
369.299988 0.283495
370.000000 0.275335
370.600006 0.266417
371.200012 0.255515
371.799988 0.246403
372.500000 0.237168
373.100006 0.229965
373.700012 0.220890
374.299988 0.211765
375.000000 0.205298
375.600006 0.196110
376.200012 0.188498
376.799988 0.182390
377.500000 0.174652
378.100006 0.167428
378.700012 0.161194
379.299988 0.154412
380.000000 0.150507
380.600006 0.143466
381.200012 0.137063
381.799988 0.133059
382.500000 0.127027
383.100006 0.120530
383.700012 0.117647
384.299988 0.111969
385.000000 0.107459
385.600006 0.104218
386.200012 0.100367
386.799988 0.096502
387.500000 0.093936
388.100006 0.090164
388.700012 0.086406
389.299988 0.085034
390.000000 0.081382
390.600006 0.077936
391.200012 0.075840
391.799988 0.073404
392.500000 0.072403
393.100006 0.069430
393.700012 0.067347
394.299988 0.066465
395.000000 0.063682
395.600006 0.062745
396.200012 0.060870
396.799988 0.059943
397.500000 0.058435
398.100006 0.057567
398.700012 0.056118
399.299988 0.056159
400.000000 0.054611
400.600006 0.053887
401.200012 0.052448
401.799988 0.052723
402.500000 0.052092
403.100006 0.051261
403.700012 0.050707
404.299988 0.050903
405.000000 0.050407
405.600006 0.050643
406.200012 0.050119
406.799988 0.050354
407.500000 0.050505
408.100006 0.050887
408.700012 0.051028
409.299988 0.050604
410.000000 0.050975
410.600006 0.051263
411.200012 0.052321
411.799988 0.052555
412.500000 0.052822
413.100006 0.053957
413.700012 0.054363
414.299988 0.055834
415.000000 0.056108
415.600006 0.057544
416.200012 0.057679
416.799988 0.058500
417.500000 0.059386
418.100006 0.060811
418.700012 0.061835
419.299988 0.062786
420.000000 0.064267
420.600006 0.065740
421.200012 0.066790
421.799988 0.068526
422.500000 0.069726
423.100006 0.070848
423.700012 0.073059
424.299988 0.074819
425.000000 0.076164
425.600006 0.077957
426.200012 0.079072
426.799988 0.080913
427.500000 0.083546
428.100006 0.085513
428.700012 0.087302
429.299988 0.089128
430.000000 0.092054
430.600006 0.093570
431.200012 0.094922
431.799988 0.098963
432.500000 0.101544
433.100006 0.104089
433.700012 0.107011
434.299988 0.109583
435.000000 0.112785
435.600006 0.116047
436.200012 0.118865
436.799988 0.122760
437.500000 0.126114
438.100006 0.129032
438.700012 0.132075
439.299988 0.136502
440.000000 0.139515
440.600006 0.142919
441.200012 0.147359
441.799988 0.150697
442.500000 0.154329
443.100006 0.157676
443.700012 0.160986
444.299988 0.164228
445.000000 0.168480
445.600006 0.171463
446.200012 0.175376
446.799988 0.178361
447.500000 0.180971
448.100006 0.183846
448.700012 0.186952
449.299988 0.189199
450.000000 0.192078
450.600006 0.194516
451.200012 0.197431
451.799988 0.200000
452.500000 0.202377
453.100006 0.204570
453.700012 0.206226
454.299988 0.208421
455.000000 0.209941
455.600006 0.211326
456.200012 0.212817
456.799988 0.214237
457.500000 0.215348
458.100006 0.216734
458.700012 0.217739
459.299988 0.218284
460.000000 0.217864
460.600006 0.219129
461.200012 0.219870
461.799988 0.219670
462.500000 0.220930
463.100006 0.220654
463.700012 0.221477
464.299988 0.222434
465.000000 0.222926
465.600006 0.223589
466.200012 0.223655
466.799988 0.223548
467.500000 0.221493
468.100006 0.218029
468.700012 0.216460
469.299988 0.220670
470.000000 0.223082
470.600006 0.224414
471.200012 0.224546
471.799988 0.224540
472.500000 0.225115
473.100006 0.224533
473.700012 0.224427
474.299988 0.221714
475.000000 0.216438
475.600006 0.217497
476.200012 0.214459
476.799988 0.214437
477.500000 0.218854
478.100006 0.220472
478.700012 0.220544
479.299988 0.220073
480.000000 0.218901
480.600006 0.219240
481.200012 0.217234
481.799988 0.217365
482.500000 0.216476
483.100006 0.216005
483.700012 0.215315
484.299988 0.214543
485.000000 0.214114
485.600006 0.213793
486.200012 0.212421
486.799988 0.211504
487.500000 0.209629
488.100006 0.208719
488.700012 0.208060
489.299988 0.206136
490.000000 0.205786
490.600006 0.203753
491.200012 0.203218
491.799988 0.201963
492.500000 0.200476
493.100006 0.199407
493.700012 0.197685
494.299988 0.197626
495.000000 0.195144
495.600006 0.194017
496.200012 0.192604
496.799988 0.191716
497.500000 0.190547
498.100006 0.188774
498.700012 0.188110
499.299988 0.186596
500.000000 0.184715
500.600006 0.183505
501.200012 0.181256
501.799988 0.179971
502.500000 0.179192
503.100006 0.177215
503.700012 0.175000
504.299988 0.173760
505.000000 0.172343
505.600006 0.171076
506.200012 0.169262
506.799988 0.167596
507.500000 0.166520
508.100006 0.164609
508.700012 0.163337
509.299988 0.161442
510.000000 0.159730
510.600006 0.157941
511.200012 0.156387
511.799988 0.154633
512.500000 0.152275
513.099976 0.151356
513.700012 0.148676
514.299988 0.146973
515.000000 0.145217
515.599976 0.132585
516.200012 0.133315
516.799988 0.135692
517.500000 0.134358
518.099976 0.133427
518.700012 0.131917
519.299988 0.129841
520.000000 0.128853
520.599976 0.127019
521.200012 0.126325
521.799988 0.124025
522.500000 0.122807
523.099976 0.121727
523.700012 0.120234
524.299988 0.118809
525.000000 0.117125
525.599976 0.115918
526.200012 0.114872
526.799988 0.114079
527.500000 0.112903
528.099976 0.111980
528.700012 0.111484
529.299988 0.109930
530.000000 0.108525
530.599976 0.107956
531.200012 0.107203
531.799988 0.106108
532.500000 0.105322
533.099976 0.104314
533.700012 0.103439
534.299988 0.102456
535.000000 0.101470
535.599976 0.100933
536.200012 0.100198
536.799988 0.099038
537.500000 0.098500
538.099976 0.097623
538.700012 0.097140
539.299988 0.096034
540.000000 0.095440
540.599976 0.094618
541.200012 0.094158
541.799988 0.093280
542.500000 0.092377
543.099976 0.092277
543.700012 0.091657
544.299988 0.091814
545.000000 0.090832
545.599976 0.090574
546.200012 0.090288
546.799988 0.089875
547.500000 0.089718
548.099976 0.089872
548.700012 0.089740
549.299988 0.089092
550.000000 0.089398
550.599976 0.089163
551.200012 0.089311
551.799988 0.089414
552.500000 0.089492
553.099976 0.089306
553.700012 0.089120
554.299988 0.089275
555.000000 0.089959
555.599976 0.089089
556.200012 0.090035
556.799988 0.090485
557.500000 0.090219
558.099976 0.090617
558.700012 0.091095
559.299988 0.091765
560.000000 0.092005
560.599976 0.092571
561.200012 0.092735
561.799988 0.093085
562.500000 0.093982
563.099976 0.094659
563.700012 0.095097
564.299988 0.095691
565.000000 0.096360
565.599976 0.096861
566.200012 0.097634
566.799988 0.098351
567.500000 0.099489
568.099976 0.100060
568.700012 0.100964
569.299988 0.102626
570.000000 0.103146
570.599976 0.103908
571.200012 0.104817
571.799988 0.106383
572.500000 0.106655
573.099976 0.108364
573.700012 0.109924
574.299988 0.110634
575.000000 0.111485
575.599976 0.112918
576.200012 0.113916
576.799988 0.116014
577.500000 0.117502
578.099976 0.118775
578.700012 0.120310
579.299988 0.121429
580.000000 0.122665
580.599976 0.125078
581.200012 0.126444
581.799988 0.127466
582.500000 0.128881
583.099976 0.131132
583.700012 0.133144
584.299988 0.134700
585.000000 0.136263
585.599976 0.138018
586.200012 0.139196
586.799988 0.141318
587.500000 0.143766
588.099976 0.145774
588.700012 0.147096
589.299988 0.149311
590.000000 0.151748
590.599976 0.153278
591.200012 0.154961
591.799988 0.156907
592.500000 0.158560
593.099976 0.159806
593.700012 0.162382
594.299988 0.163950
595.000000 0.166503
595.599976 0.167484
596.200012 0.169453
596.799988 0.171165
597.500000 0.173052
598.099976 0.174488
598.700012 0.176997
599.299988 0.179914
600.000000 0.182789
600.599976 0.184826
601.200012 0.186685
601.799988 0.188863
602.500000 0.190572
603.099976 0.192568
603.700012 0.194322
604.299988 0.195328
605.000000 0.197145
605.599976 0.198910
606.200012 0.200341
606.799988 0.202124
607.500000 0.203018
608.099976 0.205093
608.700012 0.205994
609.299988 0.208017
610.000000 0.209343
610.599976 0.210636
611.200012 0.211974
611.799988 0.212068
612.500000 0.213235
613.099976 0.214035
613.700012 0.215266
614.299988 0.217038
615.000000 0.217268
615.599976 0.218395
616.200012 0.220562
616.799988 0.219843
617.500000 0.221467
618.099976 0.222103
618.700012 0.223022
619.299988 0.224269
620.000000 0.225362
620.599976 0.226017
621.200012 0.226560
621.799988 0.227273
622.500000 0.227825
623.099976 0.229067
623.700012 0.229344
624.299988 0.230283
625.000000 0.230194
625.599976 0.231000
626.200012 0.231203
626.799988 0.232075
627.500000 0.232664
628.099976 0.232700
628.700012 0.232558
629.299988 0.233384
630.000000 0.234165
630.599976 0.234658
631.200012 0.235385
631.799988 0.235614
632.500000 0.235845
633.099976 0.236749
633.700012 0.235920
634.299988 0.236457
635.000000 0.236205
635.599976 0.236748
636.200012 0.236779
636.799988 0.236546
637.500000 0.236694
638.099976 0.236746
638.700012 0.237785
639.299988 0.236831
640.000000 0.237587
640.599976 0.237840
641.200012 0.238627
641.799988 0.239800
642.500000 0.239230
643.099976 0.240235
643.700012 0.239561
644.299988 0.239204
645.000000 0.240102
645.599976 0.239659
646.200012 0.240034
646.799988 0.239879
647.500000 0.238961
648.099976 0.240330
648.700012 0.239633
649.299988 0.240140
650.000000 0.239542
650.599976 0.240602
651.200012 0.240000
651.799988 0.241518
652.500000 0.241256
653.099976 0.241550
653.700012 0.242851
654.299988 0.242245
655.000000 0.242327
655.599976 0.242745
656.200012 0.241906
656.799988 0.242326
657.500000 0.242396
658.099976 0.241201
658.700012 0.239755
659.299988 0.239223
660.000000 0.239162
660.599976 0.239943
661.200012 0.240848
661.799988 0.241646
662.500000 0.241715
663.099976 0.241920
663.700012 0.242365
664.299988 0.243069
665.000000 0.243284
665.599976 0.242621
666.200012 0.242958
666.799988 0.242792
667.500000 0.242116
668.099976 0.243603
668.700012 0.242268
669.299988 0.243145
670.000000 0.242582
670.599976 0.243711
671.200012 0.243941
671.799988 0.243100
672.500000 0.243850
673.099976 0.245690
673.700012 0.244324
674.299988 0.244965
675.000000 0.244797
675.599976 0.245033
676.200012 0.246256
676.799988 0.245673
677.500000 0.247743
678.099976 0.246171
678.700012 0.247570
679.299988 0.247559
680.000000 0.247967
680.599976 0.248980
681.200012 0.248824
681.799988 0.248812
682.500000 0.249850
683.099976 0.248334
683.700012 0.249387
684.299988 0.249227
685.000000 0.250471
685.599976 0.249682
686.200012 0.249032
686.799988 0.249339
687.500000 0.250000
688.099976 0.249830
688.700012 0.250167
689.299988 0.250819
690.000000 0.251443
690.599976 0.251411
691.200012 0.251684
691.799988 0.250894
692.500000 0.249419
693.099976 0.241963
693.700012 0.248631
694.299988 0.233759
695.000000 0.250776
695.599976 0.253024
696.200012 0.253320
696.799988 0.253953
697.500000 0.253165
698.099976 0.253217
698.700012 0.252489
699.299988 0.252116
700.000000 0.250771
700.599976 0.251204
701.200012 0.249892
701.799988 0.249784
702.500000 0.249352
703.099976 0.249351
703.700012 0.249130
704.299988 0.249454
705.000000 0.249227
705.599976 0.249443
706.200012 0.248763
706.799988 0.249203
707.500000 0.248502
708.099976 0.249649
708.700012 0.248580
709.299988 0.249280
710.000000 0.249634
710.599976 0.249505
711.200012 0.248491
711.799988 0.249232
712.500000 0.248050
713.099976 0.247886
713.700012 0.247987
714.299988 0.246725
715.000000 0.247228
715.599976 0.247324
716.200012 0.247429
716.799988 0.247387
717.500000 0.246326
718.099976 0.245362
718.700012 0.245294
719.299988 0.245225
720.000000 0.245318
720.599976 0.244782
721.200012 0.245501
721.799988 0.247228
722.500000 0.247518
723.099976 0.247478
723.700012 0.247444
724.299988 0.248615
725.000000 0.248252
725.599976 0.247881
726.200012 0.249103
726.799988 0.248908
727.500000 0.248342
728.099976 0.247952
728.700012 0.248677
729.299988 0.248281
730.000000 0.248260
730.599976 0.248044
731.200012 0.248216
731.799988 0.248193
732.500000 0.246353
733.099976 0.248973
733.700012 0.248545
734.299988 0.248526
735.000000 0.248088
735.599976 0.248069
736.200012 0.247611
736.799988 0.248682
737.500000 0.249110
738.099976 0.249101
738.700012 0.250227
739.299988 0.250919
740.000000 0.250696
740.599976 0.250704
741.200012 0.250474
741.799988 0.250000
742.500000 0.249273
743.099976 0.250491
743.700012 0.250495
744.299988 0.250501
745.000000 0.249243
745.599976 0.249745
746.200012 0.249485
746.799988 0.249740
747.500000 0.250263
748.099976 0.248408
748.700012 0.249194
749.299988 0.250271
750.000000 0.248087
