300.000000 2.875000
300.600006 2.941176
301.200012 3.000000
301.799988 3.052632
302.500000 3.210526
303.100006 3.473684
303.700012 3.550000
304.299988 3.571429
305.000000 3.590909
305.600006 3.818182
306.200012 3.708333
306.799988 3.833333
307.500000 3.960000
308.100006 3.961539
308.700012 3.857143
309.299988 4.071429
310.000000 4.033333
310.600006 4.064516
311.200012 4.030303
311.799988 4.058824
312.500000 4.171429
313.100006 4.108108
313.700012 4.076923
314.299988 4.100000
315.000000 4.047619
315.600006 4.139535
316.200012 4.021739
316.799988 3.979167
317.500000 3.980000
318.100006 3.961539
318.700012 3.925926
319.299988 3.963636
320.000000 3.931035
320.600006 3.852459
321.200012 3.841270
321.799988 3.803030
322.500000 3.794118
323.100006 3.746479
323.700012 3.767123
324.299988 3.697368
325.000000 3.645570
325.600006 3.646342
326.200012 3.642857
326.799988 3.609195
327.500000 3.538461
328.100006 3.563830
328.700012 3.484536
329.299988 3.440000
330.000000 3.394231
330.600006 3.364486
331.200012 3.297297
331.799988 3.295652
332.500000 3.252101
333.100006 3.186992
333.700012 3.181102
334.299988 3.170543
335.000000 3.134328
335.600006 3.079137
336.200012 3.034965
336.799988 3.013699
337.500000 2.986755
338.100006 2.929032
338.700012 2.924051
339.299988 2.877301
340.000000 2.851191
340.600006 2.848837
341.200012 2.765363
341.799988 2.748634
342.500000 2.693122
343.100006 2.680412
343.700012 2.663316
344.299988 2.609756
345.000000 2.578199
345.600006 2.564815
346.200012 2.531532
346.799988 2.484716
347.500000 2.472103
348.100006 2.423237
348.700012 2.373984
349.299988 2.328063
350.000000 2.325581
350.600006 2.270677
351.200012 2.215328
351.799988 2.185053
352.500000 2.145329
353.100006 2.131757
353.700012 2.079208
354.299988 2.045307
355.000000 2.000000
355.600006 1.947692
356.200012 1.906626
356.799988 1.867647
357.500000 1.841499
358.100006 1.800562
358.700012 1.744506
359.299988 1.709677
360.000000 1.668421
360.600006 1.618557
361.200012 1.593434
361.799988 1.543210
362.500000 1.507246
363.100006 1.468085
363.700012 1.412442
364.299988 1.390909
365.000000 1.354120
365.600006 1.319475
366.200012 1.267094
366.799988 1.237895
367.500000 1.195473
368.100006 1.159919
368.700012 1.121032
369.299988 1.081553
370.000000 1.053537
370.600006 1.009381
371.200012 0.976103
371.799988 0.935252
372.500000 0.904425
373.100006 0.871080
373.700012 0.842466
374.299988 0.813445
375.000000 0.779801
375.600006 0.743922
376.200012 0.718850
376.799988 0.694969
377.500000 0.663060
378.100006 0.645358
378.700012 0.614925
379.299988 0.594118
380.000000 0.567294
380.600006 0.551136
381.200012 0.527273
381.799988 0.504801
382.500000 0.485135
383.100006 0.460927
383.700012 0.444444
384.299988 0.427284
385.000000 0.414665
385.600006 0.394541
386.200012 0.384333
386.799988 0.367913
387.500000 0.355529
388.100006 0.346604
388.700012 0.330645
389.299988 0.323129
390.000000 0.309922
390.600006 0.301866
391.200012 0.293608
391.799988 0.279787
392.500000 0.272823
393.100006 0.266321
393.700012 0.258163
394.299988 0.252769
395.000000 0.245771
395.600006 0.239216
396.200012 0.232850
396.799988 0.226451
397.500000 0.220547
398.100006 0.216342
398.700012 0.212511
399.299988 0.209239
400.000000 0.205013
400.600006 0.201413
401.200012 0.196678
401.799988 0.197926
402.500000 0.193851
403.100006 0.194118
403.700012 0.193682
404.299988 0.191297
405.000000 0.190244
405.600006 0.190514
406.200012 0.188544
406.799988 0.189614
407.500000 0.188811
408.100006 0.192753
408.700012 0.191927
409.299988 0.191843
410.000000 0.194153
410.600006 0.193908
411.200012 0.197494
411.799988 0.200000
412.500000 0.200434
413.100006 0.203597
413.700012 0.207439
414.299988 0.210451
415.000000 0.213778
415.600006 0.216140
416.200012 0.218902
416.799988 0.223675
417.500000 0.230034
418.100006 0.232432
418.700012 0.238697
419.299988 0.242642
420.000000 0.248715
420.600006 0.254741
421.200012 0.257267
421.799988 0.264403
422.500000 0.268772
423.100006 0.275261
423.700012 0.283676
424.299988 0.290341
425.000000 0.296438
425.600006 0.302151
426.200012 0.311017
426.799988 0.317427
427.500000 0.327050
428.100006 0.334507
428.700012 0.341766
429.299988 0.350147
430.000000 0.359496
430.600006 0.370441
431.200012 0.379212
431.799988 0.390198
432.500000 0.402433
433.100006 0.413104
433.700012 0.427122
434.299988 0.439248
435.000000 0.453425
435.600006 0.466002
436.200012 0.478163
436.799988 0.491935
437.500000 0.509358
438.100006 0.522757
438.700012 0.533567
439.299988 0.552551
440.000000 0.572790
440.600006 0.588463
441.200012 0.603918
441.799988 0.625158
442.500000 0.634044
443.100006 0.648548
443.700012 0.664887
444.299988 0.677236
445.000000 0.694478
445.600006 0.710232
446.200012 0.725653
446.799988 0.739710
447.500000 0.751068
448.100006 0.766154
448.700012 0.776040
449.299988 0.783988
450.000000 0.792227
450.600006 0.805113
451.200012 0.816881
451.799988 0.826545
452.500000 0.841196
453.100006 0.845769
453.700012 0.857446
454.299988 0.867719
455.000000 0.870351
455.600006 0.873619
456.200012 0.882111
456.799988 0.891689
457.500000 0.902975
458.100006 0.907594
458.700012 0.896299
459.299988 0.894998
460.000000 0.898484
460.600006 0.895840
461.200012 0.900651
461.799988 0.902944
462.500000 0.907623
463.100006 0.903143
463.700012 0.908277
464.299988 0.913568
465.000000 0.917986
465.600006 0.917376
466.200012 0.918842
466.799988 0.916170
467.500000 0.904092
468.100006 0.886463
468.700012 0.879193
469.299988 0.898200
470.000000 0.905941
470.600006 0.910912
471.200012 0.912642
471.799988 0.913804
472.500000 0.911179
473.100006 0.906699
473.700012 0.902901
474.299988 0.891735
475.000000 0.869406
475.600006 0.875152
476.200012 0.861179
476.799988 0.859873
477.500000 0.881176
478.100006 0.888552
478.700012 0.886405
479.299988 0.887243
480.000000 0.881341
480.600006 0.880881
481.200012 0.877674
481.799988 0.874887
482.500000 0.868912
483.100006 0.867629
483.700012 0.868468
484.299988 0.865385
485.000000 0.862462
485.600006 0.857271
486.200012 0.854485
486.799988 0.851408
487.500000 0.846292
488.100006 0.840848
488.700012 0.840299
489.299988 0.832887
490.000000 0.827617
490.600006 0.825141
491.200012 0.820620
491.799988 0.813206
492.500000 0.810529
493.100006 0.800890
493.700012 0.798753
494.299988 0.793769
495.000000 0.785905
495.600006 0.778436
496.200012 0.776035
496.799988 0.770414
497.500000 0.763663
498.100006 0.759527
498.700012 0.755102
499.299988 0.748745
500.000000 0.741222
500.600006 0.733726
501.200012 0.727380
501.799988 0.723122
502.500000 0.718538
503.100006 0.710333
503.700012 0.702647
504.299988 0.695333
505.000000 0.694069
505.600006 0.686655
506.200012 0.678813
506.799988 0.672146
507.500000 0.665786
508.100006 0.661964
508.700012 0.653349
509.299988 0.644301
510.000000 0.640387
510.600006 0.632349
511.200012 0.624671
511.799988 0.620286
512.500000 0.612310
513.099976 0.604258
513.700012 0.597614
514.299988 0.594296
515.000000 0.583188
515.599976 0.533547
516.200012 0.534618
516.799988 0.544720
517.500000 0.541061
518.099976 0.534266
518.700012 0.527949
519.299988 0.519922
520.000000 0.513191
520.599976 0.508078
521.200012 0.501952
521.799988 0.495262
522.500000 0.489000
523.099976 0.484680
523.700012 0.478430
524.299988 0.472454
525.000000 0.465445
525.599976 0.462285
526.200012 0.458102
526.799988 0.455203
527.500000 0.447720
528.099976 0.444569
528.700012 0.441743
529.299988 0.436364
530.000000 0.432978
530.599976 0.429857
531.200012 0.423748
531.799988 0.419645
532.500000 0.419037
533.099976 0.413025
533.700012 0.409245
534.299988 0.404742
535.000000 0.402205
535.599976 0.398643
536.200012 0.396830
536.799988 0.392756
537.500000 0.390037
538.099976 0.384833
538.700012 0.383461
539.299988 0.380170
540.000000 0.376947
540.599976 0.375637
541.200012 0.372660
541.799988 0.370570
542.500000 0.369226
543.099976 0.366837
543.700012 0.364642
544.299988 0.362706
545.000000 0.360204
545.599976 0.358603
546.200012 0.358587
546.799988 0.354380
547.500000 0.354315
548.099976 0.352354
548.700012 0.354101
549.299988 0.351513
550.000000 0.352436
550.599976 0.352064
551.200012 0.352924
551.799988 0.353043
552.500000 0.353349
553.099976 0.353468
553.700012 0.353009
554.299988 0.353623
555.000000 0.353743
555.599976 0.352002
556.200012 0.354021
556.799988 0.355517
557.500000 0.356788
558.099976 0.357206
558.700012 0.359695
559.299988 0.362353
560.000000 0.362434
560.599976 0.363208
561.200012 0.365032
561.799988 0.367317
562.500000 0.369997
563.099976 0.372997
563.700012 0.373551
564.299988 0.376226
565.000000 0.380668
565.599976 0.381166
566.200012 0.384546
566.799988 0.387706
567.500000 0.391344
568.099976 0.396034
568.700012 0.398131
569.299988 0.401449
570.000000 0.405021
570.599976 0.410179
571.200012 0.411996
571.799988 0.415502
572.500000 0.421452
573.099976 0.426435
573.700012 0.430229
574.299988 0.435182
575.000000 0.438897
575.599976 0.444001
576.200012 0.450739
576.799988 0.455106
577.500000 0.461657
578.099976 0.466749
578.700012 0.471008
579.299988 0.477950
580.000000 0.482565
580.599976 0.489707
581.200012 0.496722
581.799988 0.502349
582.500000 0.509564
583.099976 0.515409
583.700012 0.521876
584.299988 0.529338
585.000000 0.535251
585.599976 0.543526
586.200012 0.550775
586.799988 0.558618
587.500000 0.566158
588.099976 0.574482
588.700012 0.579451
589.299988 0.589875
590.000000 0.596728
590.599976 0.605077
591.200012 0.611147
591.799988 0.618570
592.500000 0.628405
593.099976 0.635008
593.700012 0.645298
594.299988 0.652868
595.000000 0.662414
595.599976 0.666012
596.200012 0.676172
596.799988 0.685648
597.500000 0.695839
598.099976 0.702908
598.700012 0.710971
599.299988 0.719987
600.000000 0.727151
600.599976 0.734626
601.200012 0.740381
601.799988 0.748407
602.500000 0.755219
603.099976 0.762500
603.700012 0.770531
604.299988 0.772173
605.000000 0.782801
605.599976 0.786104
606.200012 0.794881
606.799988 0.798561
607.500000 0.805556
608.099976 0.812113
608.700012 0.816741
609.299988 0.823082
610.000000 0.826644
610.599976 0.835245
611.200012 0.838148
611.799988 0.842344
612.500000 0.846289
613.099976 0.849825
613.700012 0.853324
614.299988 0.857900
615.000000 0.860580
615.599976 0.863991
616.200012 0.868374
616.799988 0.871163
617.500000 0.877281
618.099976 0.879799
618.700012 0.881295
619.299988 0.887324
620.000000 0.887319
620.599976 0.889898
621.200012 0.896388
621.799988 0.901026
622.500000 0.900258
623.099976 0.900775
623.700012 0.903298
624.299988 0.905134
625.000000 0.908445
625.599976 0.909772
626.200012 0.910150
626.799988 0.913208
627.500000 0.917393
628.099976 0.919011
628.700012 0.917652
629.299988 0.919404
630.000000 0.923225
630.599976 0.923968
631.200012 0.924506
631.799988 0.927683
632.500000 0.929715
633.099976 0.930899
633.700012 0.931075
634.299988 0.928826
635.000000 0.930925
635.599976 0.933041
636.200012 0.935497
636.799988 0.930522
637.500000 0.935081
638.099976 0.936463
638.700012 0.939332
639.299988 0.935484
640.000000 0.936808
640.599976 0.940643
641.200012 0.944582
641.799988 0.941715
642.500000 0.944375
643.099976 0.944981
643.700012 0.945593
644.299988 0.944115
645.000000 0.948489
645.599976 0.946695
646.200012 0.949421
646.799988 0.947028
647.500000 0.947186
648.099976 0.943937
648.700012 0.944566
649.299988 0.945662
650.000000 0.945839
650.599976 0.946042
651.200012 0.948000
651.799988 0.948661
652.500000 0.947534
653.099976 0.948175
653.700012 0.955061
654.299988 0.953011
655.000000 0.953733
655.599976 0.953017
656.200012 0.954209
656.799988 0.951163
657.500000 0.951802
658.099976 0.944627
658.700012 0.943476
659.299988 0.942681
660.000000 0.938542
660.599976 0.943487
661.200012 0.948940
661.799988 0.948668
662.500000 0.950292
663.099976 0.949070
663.700012 0.950739
664.299988 0.950495
665.000000 0.952239
665.599976 0.953977
666.200012 0.953219
666.799988 0.953971
667.500000 0.950153
668.099976 0.949335
668.700012 0.952062
669.299988 0.952406
670.000000 0.954191
670.599976 0.953878
671.200012 0.954162
671.799988 0.954883
672.500000 0.961497
673.099976 0.960668
673.700012 0.960000
674.299988 0.960261
675.000000 0.957831
675.599976 0.960817
676.200012 0.961730
676.799988 0.960357
677.500000 0.965011
678.099976 0.964265
678.700012 0.969697
679.299988 0.970132
680.000000 0.971545
680.599976 0.970845
681.200012 0.968235
681.799988 0.972090
682.500000 0.971772
683.099976 0.978195
683.700012 0.975490
684.299988 0.977737
685.000000 0.978029
685.599976 0.975222
686.200012 0.973548
686.799988 0.976852
687.500000 0.978591
688.099976 0.974881
688.700012 0.980654
689.299988 0.979699
690.000000 0.982681
690.599976 0.979310
691.200012 0.982854
691.799988 0.986889
692.500000 0.976744
693.099976 0.950367
693.700012 0.975904
694.299988 0.914271
695.000000 0.983454
695.599976 0.994960
696.200012 0.999016
696.799988 0.993771
697.500000 0.993436
698.099976 0.994026
698.700012 0.993213
699.299988 0.989310
700.000000 0.988541
700.599976 0.990810
701.200012 0.987853
701.799988 0.986147
702.500000 0.981417
703.099976 0.980519
703.700012 0.981304
704.299988 0.978156
705.000000 0.984092
705.599976 0.980401
706.200012 0.979757
706.799988 0.976765
707.500000 0.982480
708.099976 0.980832
708.700012 0.982481
709.299988 0.976945
710.000000 0.980985
710.599976 0.981188
711.200012 0.978873
711.799988 0.980041
712.500000 0.973479
713.099976 0.974630
713.700012 0.974772
714.299988 0.973253
715.000000 0.972284
715.599976 0.975775
716.200012 0.970286
716.799988 0.973287
717.500000 0.968254
718.099976 0.976062
718.700012 0.976321
719.299988 0.977819
720.000000 0.973159
720.599976 0.977862
721.200012 0.981362
721.799988 0.978474
722.500000 0.983455
723.099976 0.986550
723.700012 0.984322
724.299988 0.990997
725.000000 0.983916
725.599976 0.983757
726.200012 0.984925
726.799988 0.985444
727.500000 0.986735
728.099976 0.983619
728.700012 0.987906
729.299988 0.983957
730.000000 0.986079
730.599976 0.985915
731.200012 0.989691
731.799988 0.987149
732.500000 0.983793
733.099976 0.984388
733.700012 0.984206
734.299988 0.987363
735.000000 0.984707
735.599976 0.987983
736.200012 0.987837
736.799988 0.988576
737.500000 0.991103
738.099976 0.993705
738.700012 0.993631
739.299988 0.991728
740.000000 0.999071
740.599976 0.997183
741.200012 1.003795
741.799988 0.998084
742.500000 0.997090
743.099976 1.001965
743.700012 0.999010
744.299988 0.998998
745.000000 1.002018
745.599976 1.000000
746.200012 0.996907
746.799988 0.990635
747.500000 0.994742
748.099976 1.000000
748.700012 0.998926
749.299988 0.988082
750.000000 0.992350
