300.000000 0.006249
300.600006 0.006393
301.200012 0.006521
301.799988 0.007004
302.500000 0.006978
303.100006 0.007173
303.700012 0.007349
304.299988 0.007410
305.000000 0.007805
305.600006 0.007938
306.200012 0.008060
306.799988 0.007999
307.500000 0.008276
308.100006 0.008611
308.700012 0.008384
309.299988 0.008544
310.000000 0.008484
310.600006 0.008559
311.200012 0.008760
311.799988 0.008570
312.500000 0.008815
313.100006 0.008694
313.700012 0.008862
314.299988 0.008694
315.000000 0.008593
315.600006 0.008793
316.200012 0.008556
316.799988 0.008473
317.500000 0.008481
318.100006 0.008448
318.700012 0.008378
319.299988 0.008313
320.000000 0.008400
320.600006 0.008239
321.200012 0.008219
321.799988 0.008143
322.500000 0.008011
323.100006 0.007920
323.700012 0.007970
324.299988 0.007731
325.000000 0.007634
325.600006 0.007737
326.200012 0.007645
326.799988 0.007500
327.500000 0.007526
328.100006 0.007507
328.700012 0.007347
329.299988 0.007190
330.000000 0.007238
330.600006 0.007049
331.200012 0.006858
331.799988 0.006923
332.500000 0.006839
333.100006 0.006709
333.700012 0.006703
334.299988 0.006585
335.000000 0.006615
335.600006 0.006506
336.200012 0.006461
336.799988 0.006292
337.500000 0.006284
338.100006 0.006129
338.700012 0.006123
339.299988 0.006032
340.000000 0.006053
340.600006 0.005950
341.200012 0.005847
341.799988 0.005785
342.500000 0.005674
343.100006 0.005623
343.700012 0.005565
344.299988 0.005459
345.000000 0.005424
345.600006 0.005376
346.200012 0.005311
346.799988 0.005197
347.500000 0.005152
348.100006 0.005098
348.700012 0.004959
349.299988 0.004849
350.000000 0.004848
350.600006 0.004757
351.200012 0.004646
351.799988 0.004571
352.500000 0.004507
353.100006 0.004453
353.700012 0.004347
354.299988 0.004253
355.000000 0.004163
355.600006 0.004059
356.200012 0.003965
356.799988 0.003888
357.500000 0.003816
358.100006 0.003745
358.700012 0.003632
359.299988 0.003563
360.000000 0.003471
360.600006 0.003354
361.200012 0.003297
361.799988 0.003196
362.500000 0.003118
363.100006 0.003040
363.700012 0.002935
364.299988 0.002873
365.000000 0.002800
365.600006 0.002725
366.200012 0.002614
366.799988 0.002546
367.500000 0.002467
368.100006 0.002381
368.700012 0.002300
369.299988 0.002221
370.000000 0.002162
370.600006 0.002070
371.200012 0.002004
371.799988 0.001919
372.500000 0.001857
373.100006 0.001785
373.700012 0.001722
374.299988 0.001670
375.000000 0.001592
375.600006 0.001533
376.200012 0.001473
376.799988 0.001428
377.500000 0.001357
378.100006 0.001320
378.700012 0.001260
379.299988 0.001206
380.000000 0.001155
380.600006 0.001120
381.200012 0.001061
381.799988 0.001013
382.500000 0.000962
383.100006 0.000907
383.700012 0.000868
384.299988 0.000829
385.000000 0.000790
385.600006 0.000759
386.200012 0.000748
386.799988 0.000714
387.500000 0.000686
388.100006 0.000669
388.700012 0.000642
389.299988 0.000631
390.000000 0.000607
390.600006 0.000593
391.200012 0.000582
391.799988 0.000561
392.500000 0.000547
393.100006 0.000533
393.700012 0.000516
394.299988 0.000506
395.000000 0.000491
395.600006 0.000479
396.200012 0.000465
396.799988 0.000451
397.500000 0.000436
398.100006 0.000428
398.700012 0.000418
399.299988 0.000412
400.000000 0.000402
400.600006 0.000397
401.200012 0.000390
401.799988 0.000391
402.500000 0.000382
403.100006 0.000384
403.700012 0.000381
404.299988 0.000375
405.000000 0.000372
405.600006 0.000372
406.200012 0.000367
406.799988 0.000369
407.500000 0.000371
408.100006 0.000383
408.700012 0.000387
409.299988 0.000388
410.000000 0.000391
410.600006 0.000392
411.200012 0.000399
411.799988 0.000405
412.500000 0.000407
413.100006 0.000414
413.700012 0.000424
414.299988 0.000430
415.000000 0.000437
415.600006 0.000444
416.200012 0.000448
416.799988 0.000460
417.500000 0.000474
418.100006 0.000479
418.700012 0.000492
419.299988 0.000499
420.000000 0.000512
420.600006 0.000524
421.200012 0.000531
421.799988 0.000547
422.500000 0.000556
423.100006 0.000571
423.700012 0.000586
424.299988 0.000601
425.000000 0.000613
425.600006 0.000624
426.200012 0.000643
426.799988 0.000655
427.500000 0.000673
428.100006 0.000685
428.700012 0.000705
429.299988 0.000725
430.000000 0.000743
430.600006 0.000767
431.200012 0.000786
431.799988 0.000807
432.500000 0.000831
433.100006 0.000852
433.700012 0.000884
434.299988 0.000914
435.000000 0.000943
435.600006 0.000971
436.200012 0.000996
436.799988 0.001027
437.500000 0.001061
438.100006 0.001093
438.700012 0.001117
439.299988 0.001157
440.000000 0.001195
440.600006 0.001229
441.200012 0.001264
441.799988 0.001306
442.500000 0.001322
443.100006 0.001352
443.700012 0.001389
444.299988 0.001417
445.000000 0.001452
445.600006 0.001480
446.200012 0.001513
446.799988 0.001540
447.500000 0.001563
448.100006 0.001597
448.700012 0.001609
449.299988 0.001626
450.000000 0.001653
450.600006 0.001680
451.200012 0.001706
451.799988 0.001727
452.500000 0.001757
453.100006 0.001770
453.700012 0.001795
454.299988 0.001813
455.000000 0.001822
455.600006 0.001832
456.200012 0.001854
456.799988 0.001871
457.500000 0.001890
458.100006 0.001896
458.700012 0.001871
459.299988 0.001863
460.000000 0.001864
460.600006 0.001853
461.200012 0.001858
461.799988 0.001849
462.500000 0.001837
463.100006 0.001806
463.700012 0.001809
464.299988 0.001812
465.000000 0.001812
465.600006 0.001827
466.200012 0.001852
466.799988 0.001859
467.500000 0.001862
468.100006 0.001833
468.700012 0.001824
469.299988 0.001865
470.000000 0.001889
470.600006 0.001903
471.200012 0.001911
471.799988 0.001916
472.500000 0.001917
473.100006 0.001909
473.700012 0.001907
474.299988 0.001885
475.000000 0.001842
475.600006 0.001859
476.200012 0.001828
476.799988 0.001833
477.500000 0.001879
478.100006 0.001896
478.700012 0.001904
479.299988 0.001903
480.000000 0.001894
480.600006 0.001899
481.200012 0.001895
481.799988 0.001889
482.500000 0.001882
483.100006 0.001876
483.700012 0.001883
484.299988 0.001877
485.000000 0.001871
485.600006 0.001865
486.200012 0.001856
486.799988 0.001852
487.500000 0.001843
488.100006 0.001834
488.700012 0.001834
489.299988 0.001823
490.000000 0.001808
490.600006 0.001804
491.200012 0.001794
491.799988 0.001779
492.500000 0.001772
493.100006 0.001756
493.700012 0.001753
494.299988 0.001739
495.000000 0.001725
495.600006 0.001706
496.200012 0.001704
496.799988 0.001692
497.500000 0.001680
498.100006 0.001672
498.700012 0.001660
499.299988 0.001646
500.000000 0.001631
500.600006 0.001620
501.200012 0.001604
501.799988 0.001595
502.500000 0.001584
503.100006 0.001568
503.700012 0.001552
504.299988 0.001540
505.000000 0.001536
505.600006 0.001517
506.200012 0.001500
506.799988 0.001486
507.500000 0.001472
508.100006 0.001461
508.700012 0.001444
509.299988 0.001426
510.000000 0.001419
510.600006 0.001402
511.200012 0.001389
511.799988 0.001379
512.500000 0.001362
513.099976 0.001345
513.700012 0.001333
514.299988 0.001327
515.000000 0.001306
515.599976 0.001297
516.200012 0.001279
516.799988 0.001272
517.500000 0.001261
518.099976 0.001241
518.700012 0.001228
519.299988 0.001214
520.000000 0.001202
520.599976 0.001188
521.200012 0.001171
521.799988 0.001156
522.500000 0.001144
523.099976 0.001132
523.700012 0.001121
524.299988 0.001107
525.000000 0.001094
525.599976 0.001088
526.200012 0.001079
526.799988 0.001068
527.500000 0.001052
528.099976 0.001039
528.700012 0.001032
529.299988 0.001018
530.000000 0.001008
530.599976 0.000998
531.200012 0.000984
531.799988 0.000975
532.500000 0.000972
533.099976 0.000959
533.700012 0.000950
534.299988 0.000937
535.000000 0.000932
535.599976 0.000923
536.200012 0.000919
536.799988 0.000911
537.500000 0.000903
538.099976 0.000891
538.700012 0.000888
539.299988 0.000881
540.000000 0.000874
540.599976 0.000870
541.200012 0.000862
541.799988 0.000859
542.500000 0.000855
543.099976 0.000849
543.700012 0.000844
544.299988 0.000838
545.000000 0.000834
545.599976 0.000831
546.200012 0.000828
546.799988 0.000821
547.500000 0.000818
548.099976 0.000813
548.700012 0.000816
549.299988 0.000811
550.000000 0.000810
550.599976 0.000812
551.200012 0.000809
551.799988 0.000808
552.500000 0.000809
553.099976 0.000808
553.700012 0.000807
554.299988 0.000808
555.000000 0.000808
555.599976 0.000805
556.200012 0.000807
556.799988 0.000809
557.500000 0.000813
558.099976 0.000815
558.700012 0.000818
559.299988 0.000821
560.000000 0.000820
560.599976 0.000822
561.200012 0.000825
561.799988 0.000831
562.500000 0.000834
563.099976 0.000841
563.700012 0.000842
564.299988 0.000848
565.000000 0.000855
565.599976 0.000855
566.200012 0.000862
566.799988 0.000867
567.500000 0.000875
568.099976 0.000887
568.700012 0.000890
569.299988 0.000897
570.000000 0.000904
570.599976 0.000913
571.200012 0.000920
571.799988 0.000926
572.500000 0.000939
573.099976 0.000947
573.700012 0.000956
574.299988 0.000966
575.000000 0.000974
575.599976 0.000987
576.200012 0.001000
576.799988 0.001010
577.500000 0.001021
578.099976 0.001036
578.700012 0.001044
579.299988 0.001059
580.000000 0.001068
580.599976 0.001086
581.200012 0.001096
581.799988 0.001107
582.500000 0.001123
583.099976 0.001133
583.700012 0.001150
584.299988 0.001167
585.000000 0.001177
585.599976 0.001198
586.200012 0.001217
586.799988 0.001232
587.500000 0.001247
588.099976 0.001264
588.700012 0.001277
589.299988 0.001296
590.000000 0.001318
590.599976 0.001335
591.200012 0.001351
591.799988 0.001364
592.500000 0.001385
593.099976 0.001404
593.700012 0.001424
594.299988 0.001442
595.000000 0.001460
595.599976 0.001472
596.200012 0.001495
596.799988 0.001513
597.500000 0.001532
598.099976 0.001552
598.700012 0.001569
599.299988 0.001584
600.000000 0.001600
600.599976 0.001617
601.200012 0.001632
601.799988 0.001647
602.500000 0.001662
603.099976 0.001675
603.700012 0.001695
604.299988 0.001700
605.000000 0.001721
605.599976 0.001732
606.200012 0.001749
606.799988 0.001756
607.500000 0.001775
608.099976 0.001788
608.700012 0.001798
609.299988 0.001815
610.000000 0.001824
610.599976 0.001837
611.200012 0.001845
611.799988 0.001856
612.500000 0.001865
613.099976 0.001872
613.700012 0.001882
614.299988 0.001889
615.000000 0.001897
615.599976 0.001904
616.200012 0.001914
616.799988 0.001918
617.500000 0.001934
618.099976 0.001939
618.700012 0.001945
619.299988 0.001953
620.000000 0.001956
620.599976 0.001965
621.200012 0.001977
621.799988 0.001983
622.500000 0.001979
623.099976 0.001982
623.700012 0.001984
624.299988 0.001988
625.000000 0.001992
625.599976 0.001997
626.200012 0.002000
626.799988 0.002005
627.500000 0.002009
628.099976 0.002019
628.700012 0.002011
629.299988 0.002018
630.000000 0.002026
630.599976 0.002022
631.200012 0.002027
631.799988 0.002030
632.500000 0.002034
633.099976 0.002034
633.700012 0.002039
634.299988 0.002031
635.000000 0.002037
635.599976 0.002038
636.200012 0.002038
636.799988 0.002034
637.500000 0.002039
638.099976 0.002043
638.700012 0.002047
639.299988 0.002040
640.000000 0.002039
640.599976 0.002046
641.200012 0.002061
641.799988 0.002049
642.500000 0.002053
643.099976 0.002051
643.700012 0.002055
644.299988 0.002052
645.000000 0.002063
645.599976 0.002063
646.200012 0.002067
646.799988 0.002067
647.500000 0.002060
648.099976 0.002054
648.700012 0.002054
649.299988 0.002056
650.000000 0.002059
650.599976 0.002057
651.200012 0.002063
651.799988 0.002064
652.500000 0.002061
653.099976 0.002062
653.700012 0.002070
654.299988 0.002068
655.000000 0.002069
655.599976 0.002068
656.200012 0.002065
656.799988 0.002058
657.500000 0.002057
658.099976 0.002048
658.700012 0.002048
659.299988 0.002047
660.000000 0.002035
660.599976 0.002045
661.200012 0.002057
661.799988 0.002054
662.500000 0.002060
663.099976 0.002057
663.700012 0.002059
664.299988 0.002057
665.000000 0.002062
665.599976 0.002065
666.200012 0.002065
666.799988 0.002068
667.500000 0.002059
668.099976 0.002055
668.700012 0.002057
669.299988 0.002062
670.000000 0.002066
670.599976 0.002067
671.200012 0.002065
671.799988 0.002065
672.500000 0.002077
673.099976 0.002071
673.700012 0.002075
674.299988 0.002075
675.000000 0.002067
675.599976 0.002074
676.200012 0.002080
676.799988 0.002070
677.500000 0.002072
678.099976 0.002079
678.700012 0.002087
679.299988 0.002087
680.000000 0.002082
680.599976 0.002087
681.200012 0.002079
681.799988 0.002088
682.500000 0.002086
683.099976 0.002096
683.700012 0.002087
684.299988 0.002094
685.000000 0.002088
685.599976 0.002089
686.200012 0.002090
686.799988 0.002089
687.500000 0.002098
688.099976 0.002089
688.700012 0.002099
689.299988 0.002097
690.000000 0.002101
690.599976 0.002093
691.200012 0.002103
691.799988 0.002105
692.500000 0.002084
693.099976 0.002028
693.700012 0.002084
694.299988 0.001948
695.000000 0.002103
695.599976 0.002120
696.200012 0.002126
696.799988 0.002118
697.500000 0.002119
698.099976 0.002120
698.700012 0.002113
699.299988 0.002105
700.000000 0.002103
700.599976 0.002104
701.200012 0.002101
701.799988 0.002100
702.500000 0.002086
703.099976 0.002086
703.700012 0.002088
704.299988 0.002083
705.000000 0.002086
705.599976 0.002083
706.200012 0.002082
706.799988 0.002070
707.500000 0.002086
708.099976 0.002082
708.700012 0.002083
709.299988 0.002071
710.000000 0.002080
710.599976 0.002080
711.200012 0.002076
711.799988 0.002074
712.500000 0.002058
713.099976 0.002059
713.700012 0.002063
714.299988 0.002053
715.000000 0.002045
715.599976 0.002045
716.200012 0.002026
716.799988 0.002022
717.500000 0.002012
718.099976 0.002025
718.700012 0.002026
719.299988 0.002023
720.000000 0.002009
720.599976 0.002003
721.200012 0.002009
721.799988 0.001997
722.500000 0.002019
723.099976 0.002022
723.700012 0.002035
724.299988 0.002045
725.000000 0.002044
725.599976 0.002049
726.200012 0.002040
726.799988 0.002049
727.500000 0.002050
728.099976 0.002044
728.700012 0.002031
729.299988 0.002032
730.000000 0.002042
730.599976 0.002055
731.200012 0.002064
731.799988 0.002058
732.500000 0.002052
733.099976 0.002042
733.700012 0.002041
734.299988 0.002048
735.000000 0.002037
735.599976 0.002051
736.200012 0.002048
736.799988 0.002055
737.500000 0.002057
738.099976 0.002058
738.700012 0.002050
739.299988 0.002059
740.000000 0.002086
740.599976 0.002080
741.200012 0.002094
741.799988 0.002086
742.500000 0.002086
743.099976 0.002099
743.700012 0.002093
744.299988 0.002088
745.000000 0.002102
745.599976 0.002088
746.200012 0.002081
746.799988 0.002067
747.500000 0.002067
748.099976 0.002085
748.700012 0.002082
749.299988 0.002067
750.000000 0.002077
