300.000000 0.002213
300.600006 0.002213
301.200012 0.002213
301.799988 0.002212
302.500000 0.002212
303.100006 0.002211
303.700012 0.002211
304.299988 0.002211
305.000000 0.002210
305.600006 0.002209
306.200012 0.002209
306.799988 0.002209
307.500000 0.002209
308.100006 0.002208
308.700012 0.002208
309.299988 0.002208
310.000000 0.002208
310.600006 0.002208
311.200012 0.002208
311.799988 0.002208
312.500000 0.002208
313.100006 0.002208
313.700012 0.002207
314.299988 0.002208
315.000000 0.002208
315.600006 0.002208
316.200012 0.002208
316.799988 0.002208
317.500000 0.002208
318.100006 0.002208
318.700012 0.002209
319.299988 0.002209
320.000000 0.002208
320.600006 0.002209
321.200012 0.002209
321.799988 0.002209
322.500000 0.002209
323.100006 0.002210
323.700012 0.002209
324.299988 0.002210
325.000000 0.002210
325.600006 0.002210
326.200012 0.002210
326.799988 0.002210
327.500000 0.002210
328.100006 0.002210
328.700012 0.002211
329.299988 0.002211
330.000000 0.002211
330.600006 0.002211
331.200012 0.002212
331.799988 0.002212
332.500000 0.002212
333.100006 0.002212
333.700012 0.002212
334.299988 0.002213
335.000000 0.002212
335.600006 0.002213
336.200012 0.002213
336.799988 0.002213
337.500000 0.002213
338.100006 0.002214
338.700012 0.002214
339.299988 0.002214
340.000000 0.002214
340.600006 0.002214
341.200012 0.002214
341.799988 0.002214
342.500000 0.002215
343.100006 0.002215
343.700012 0.002215
344.299988 0.002215
345.000000 0.002215
345.600006 0.002215
346.200012 0.002215
346.799988 0.002216
347.500000 0.002216
348.100006 0.002216
348.700012 0.002216
349.299988 0.002216
350.000000 0.002216
350.600006 0.002217
351.200012 0.002217
351.799988 0.002217
352.500000 0.002217
353.100006 0.002217
353.700012 0.002217
354.299988 0.002218
355.000000 0.002218
355.600006 0.002218
356.200012 0.002218
356.799988 0.002219
357.500000 0.002219
358.100006 0.002219
358.700012 0.002219
359.299988 0.002219
360.000000 0.002219
360.600006 0.002220
361.200012 0.002220
361.799988 0.002220
362.500000 0.002220
363.100006 0.002220
363.700012 0.002221
364.299988 0.002221
365.000000 0.002221
365.600006 0.002221
366.200012 0.002221
366.799988 0.002222
367.500000 0.002222
368.100006 0.002222
368.700012 0.002222
369.299988 0.002222
370.000000 0.002222
370.600006 0.002223
371.200012 0.002223
371.799988 0.002223
372.500000 0.002223
373.100006 0.002223
373.700012 0.002223
374.299988 0.002223
375.000000 0.002224
375.600006 0.002224
376.200012 0.002224
376.799988 0.002224
377.500000 0.002224
378.100006 0.002224
378.700012 0.002224
379.299988 0.002224
380.000000 0.002225
380.600006 0.002225
381.200012 0.002225
381.799988 0.002225
382.500000 0.002225
383.100006 0.002225
383.700012 0.002225
384.299988 0.002225
385.000000 0.002225
385.600006 0.002225
386.200012 0.002226
386.799988 0.002226
387.500000 0.002226
388.100006 0.002226
388.700012 0.002226
389.299988 0.002226
390.000000 0.002226
390.600006 0.002226
391.200012 0.002226
391.799988 0.002226
392.500000 0.002226
393.100006 0.002226
393.700012 0.002226
394.299988 0.002226
395.000000 0.002226
395.600006 0.002226
396.200012 0.002226
396.799988 0.002226
397.500000 0.002226
398.100006 0.002226
398.700012 0.002226
399.299988 0.002226
400.000000 0.002226
400.600006 0.002226
401.200012 0.002226
401.799988 0.002226
402.500000 0.002226
403.100006 0.002226
403.700012 0.002226
404.299988 0.002226
405.000000 0.002226
405.600006 0.002226
406.200012 0.002226
406.799988 0.002226
407.500000 0.002226
408.100006 0.002226
408.700012 0.002226
409.299988 0.002226
410.000000 0.002226
410.600006 0.002226
411.200012 0.002226
411.799988 0.002226
412.500000 0.002226
413.100006 0.002226
413.700012 0.002226
414.299988 0.002226
415.000000 0.002226
415.600006 0.002226
416.200012 0.002226
416.799988 0.002226
417.500000 0.002226
418.100006 0.002226
418.700012 0.002226
419.299988 0.002226
420.000000 0.002226
420.600006 0.002226
421.200012 0.002226
421.799988 0.002226
422.500000 0.002226
423.100006 0.002226
423.700012 0.002226
424.299988 0.002226
425.000000 0.002226
425.600006 0.002226
426.200012 0.002226
426.799988 0.002226
427.500000 0.002226
428.100006 0.002226
428.700012 0.002226
429.299988 0.002226
430.000000 0.002226
430.600006 0.002225
431.200012 0.002225
431.799988 0.002225
432.500000 0.002225
433.100006 0.002225
433.700012 0.002225
434.299988 0.002225
435.000000 0.002225
435.600006 0.002225
436.200012 0.002225
436.799988 0.002225
437.500000 0.002225
438.100006 0.002225
438.700012 0.002225
439.299988 0.002225
440.000000 0.002225
440.600006 0.002224
441.200012 0.002224
441.799988 0.002224
442.500000 0.002224
443.100006 0.002224
443.700012 0.002224
444.299988 0.002224
445.000000 0.002224
445.600006 0.002224
446.200012 0.002224
446.799988 0.002224
447.500000 0.002224
448.100006 0.002224
448.700012 0.002224
449.299988 0.002224
450.000000 0.002223
450.600006 0.002223
451.200012 0.002223
451.799988 0.002223
452.500000 0.002223
453.100006 0.002223
453.700012 0.002223
454.299988 0.002223
455.000000 0.002223
455.600006 0.002223
456.200012 0.002223
456.799988 0.002223
457.500000 0.002223
458.100006 0.002223
458.700012 0.002223
459.299988 0.002223
460.000000 0.002223
460.600006 0.002223
461.200012 0.002223
461.799988 0.002223
462.500000 0.002223
463.100006 0.002223
463.700012 0.002223
464.299988 0.002223
465.000000 0.002223
465.600006 0.002223
466.200012 0.002223
466.799988 0.002223
467.500000 0.002223
468.100006 0.002223
468.700012 0.002223
469.299988 0.002223
470.000000 0.002223
470.600006 0.002223
471.200012 0.002223
471.799988 0.002223
472.500000 0.002223
473.100006 0.002223
473.700012 0.002223
474.299988 0.002223
475.000000 0.002223
475.600006 0.002223
476.200012 0.002223
476.799988 0.002223
477.500000 0.002223
478.100006 0.002223
478.700012 0.002223
479.299988 0.002223
480.000000 0.002223
480.600006 0.002223
481.200012 0.002223
481.799988 0.002223
482.500000 0.002223
483.100006 0.002223
483.700012 0.002223
484.299988 0.002223
485.000000 0.002223
485.600006 0.002223
486.200012 0.002223
486.799988 0.002223
487.500000 0.002223
488.100006 0.002223
488.700012 0.002223
489.299988 0.002223
490.000000 0.002223
490.600006 0.002223
491.200012 0.002223
491.799988 0.002223
492.500000 0.002223
493.100006 0.002223
493.700012 0.002223
494.299988 0.002223
495.000000 0.002223
495.600006 0.002223
496.200012 0.002223
496.799988 0.002223
497.500000 0.002223
498.100006 0.002223
498.700012 0.002223
499.299988 0.002224
500.000000 0.002224
500.600006 0.002224
501.200012 0.002224
501.799988 0.002224
502.500000 0.002224
503.100006 0.002224
503.700012 0.002224
504.299988 0.002224
505.000000 0.002224
505.600006 0.002224
506.200012 0.002224
506.799988 0.002224
507.500000 0.002224
508.100006 0.002224
508.700012 0.002224
509.299988 0.002224
510.000000 0.002224
510.600006 0.002224
511.200012 0.002224
511.799988 0.002224
512.500000 0.002224
513.099976 0.002224
513.700012 0.002224
514.299988 0.002224
515.000000 0.002224
515.599976 0.002224
516.200012 0.002224
516.799988 0.002224
517.500000 0.002224
518.099976 0.002224
518.700012 0.002224
519.299988 0.002224
520.000000 0.002224
520.599976 0.002225
521.200012 0.002225
521.799988 0.002225
522.500000 0.002225
523.099976 0.002225
523.700012 0.002225
524.299988 0.002225
525.000000 0.002225
525.599976 0.002225
526.200012 0.002225
526.799988 0.002225
527.500000 0.002225
528.099976 0.002225
528.700012 0.002225
529.299988 0.002225
530.000000 0.002225
530.599976 0.002225
531.200012 0.002225
531.799988 0.002225
532.500000 0.002225
533.099976 0.002225
533.700012 0.002225
534.299988 0.002225
535.000000 0.002225
535.599976 0.002225
536.200012 0.002225
536.799988 0.002225
537.500000 0.002225
538.099976 0.002225
538.700012 0.002225
539.299988 0.002225
540.000000 0.002225
540.599976 0.002225
541.200012 0.002225
541.799988 0.002225
542.500000 0.002225
543.099976 0.002225
543.700012 0.002225
544.299988 0.002225
545.000000 0.002225
545.599976 0.002225
546.200012 0.002225
546.799988 0.002225
547.500000 0.002225
548.099976 0.002225
548.700012 0.002225
549.299988 0.002225
550.000000 0.002225
550.599976 0.002225
551.200012 0.002225
551.799988 0.002225
552.500000 0.002225
553.099976 0.002225
553.700012 0.002225
554.299988 0.002225
555.000000 0.002225
555.599976 0.002225
556.200012 0.002225
556.799988 0.002225
557.500000 0.002225
558.099976 0.002225
558.700012 0.002225
559.299988 0.002225
560.000000 0.002225
560.599976 0.002225
561.200012 0.002225
561.799988 0.002225
562.500000 0.002225
563.099976 0.002225
563.700012 0.002225
564.299988 0.002225
565.000000 0.002225
565.599976 0.002225
566.200012 0.002225
566.799988 0.002225
567.500000 0.002225
568.099976 0.002225
568.700012 0.002225
569.299988 0.002225
570.000000 0.002225
570.599976 0.002225
571.200012 0.002225
571.799988 0.002225
572.500000 0.002225
573.099976 0.002225
573.700012 0.002225
574.299988 0.002225
575.000000 0.002225
575.599976 0.002225
576.200012 0.002225
576.799988 0.002225
577.500000 0.002225
578.099976 0.002225
578.700012 0.002225
579.299988 0.002225
580.000000 0.002225
580.599976 0.002225
581.200012 0.002225
581.799988 0.002225
582.500000 0.002225
583.099976 0.002225
583.700012 0.002225
584.299988 0.002225
585.000000 0.002225
585.599976 0.002225
586.200012 0.002224
586.799988 0.002224
587.500000 0.002224
588.099976 0.002224
588.700012 0.002224
589.299988 0.002224
590.000000 0.002224
590.599976 0.002224
591.200012 0.002224
591.799988 0.002224
592.500000 0.002224
593.099976 0.002224
593.700012 0.002224
594.299988 0.002224
595.000000 0.002224
595.599976 0.002224
596.200012 0.002224
596.799988 0.002224
597.500000 0.002224
598.099976 0.002224
598.700012 0.002224
599.299988 0.002224
600.000000 0.002224
600.599976 0.002224
601.200012 0.002224
601.799988 0.002224
602.500000 0.002223
603.099976 0.002223
603.700012 0.002223
604.299988 0.002223
605.000000 0.002223
605.599976 0.002223
606.200012 0.002223
606.799988 0.002223
607.500000 0.002223
608.099976 0.002223
608.700012 0.002223
609.299988 0.002223
610.000000 0.002223
610.599976 0.002223
611.200012 0.002223
611.799988 0.002223
612.500000 0.002223
613.099976 0.002223
613.700012 0.002223
614.299988 0.002223
615.000000 0.002223
615.599976 0.002223
616.200012 0.002223
616.799988 0.002223
617.500000 0.002223
618.099976 0.002223
618.700012 0.002223
619.299988 0.002223
620.000000 0.002223
620.599976 0.002223
621.200012 0.002223
621.799988 0.002223
622.500000 0.002223
623.099976 0.002223
623.700012 0.002223
624.299988 0.002223
625.000000 0.002223
625.599976 0.002223
626.200012 0.002223
626.799988 0.002223
627.500000 0.002223
628.099976 0.002223
628.700012 0.002223
629.299988 0.002223
630.000000 0.002223
630.599976 0.002223
631.200012 0.002223
631.799988 0.002223
632.500000 0.002223
633.099976 0.002223
633.700012 0.002223
634.299988 0.002223
635.000000 0.002223
635.599976 0.002223
636.200012 0.002223
636.799988 0.002223
637.500000 0.002223
638.099976 0.002223
638.700012 0.002223
639.299988 0.002223
640.000000 0.002223
640.599976 0.002223
641.200012 0.002223
641.799988 0.002223
642.500000 0.002223
643.099976 0.002223
643.700012 0.002223
644.299988 0.002223
645.000000 0.002223
645.599976 0.002223
646.200012 0.002223
646.799988 0.002223
647.500000 0.002223
648.099976 0.002223
648.700012 0.002223
649.299988 0.002223
650.000000 0.002223
650.599976 0.002223
651.200012 0.002223
651.799988 0.002223
652.500000 0.002223
653.099976 0.002223
653.700012 0.002223
654.299988 0.002223
655.000000 0.002223
655.599976 0.002223
656.200012 0.002223
656.799988 0.002223
657.500000 0.002223
658.099976 0.002223
658.700012 0.002223
659.299988 0.002223
660.000000 0.002223
660.599976 0.002223
661.200012 0.002223
661.799988 0.002223
662.500000 0.002223
663.099976 0.002223
663.700012 0.002223
664.299988 0.002223
665.000000 0.002223
665.599976 0.002223
666.200012 0.002223
666.799988 0.002223
667.500000 0.002223
668.099976 0.002223
668.700012 0.002223
669.299988 0.002223
670.000000 0.002223
670.599976 0.002223
671.200012 0.002223
671.799988 0.002223
672.500000 0.002223
673.099976 0.002223
673.700012 0.002223
674.299988 0.002223
675.000000 0.002223
675.599976 0.002223
676.200012 0.002223
676.799988 0.002223
677.500000 0.002223
678.099976 0.002223
678.700012 0.002223
679.299988 0.002223
680.000000 0.002223
680.599976 0.002223
681.200012 0.002223
681.799988 0.002223
682.500000 0.002223
683.099976 0.002223
683.700012 0.002223
684.299988 0.002223
685.000000 0.002223
685.599976 0.002223
686.200012 0.002223
686.799988 0.002223
687.500000 0.002222
688.099976 0.002223
688.700012 0.002222
689.299988 0.002223
690.000000 0.002222
690.599976 0.002223
691.200012 0.002222
691.799988 0.002222
692.500000 0.002223
693.099976 0.002223
693.700012 0.002223
694.299988 0.002223
695.000000 0.002222
695.599976 0.002222
696.200012 0.002222
696.799988 0.002222
697.500000 0.002222
698.099976 0.002222
698.700012 0.002222
699.299988 0.002222
700.000000 0.002222
700.599976 0.002222
701.200012 0.002222
701.799988 0.002222
702.500000 0.002223
703.099976 0.002223
703.700012 0.002223
704.299988 0.002223
705.000000 0.002223
705.599976 0.002223
706.200012 0.002223
706.799988 0.002223
707.500000 0.002223
708.099976 0.002223
708.700012 0.002223
709.299988 0.002223
710.000000 0.002223
710.599976 0.002223
711.200012 0.002223
711.799988 0.002223
712.500000 0.002223
713.099976 0.002223
713.700012 0.002223
714.299988 0.002223
715.000000 0.002223
715.599976 0.002223
716.200012 0.002223
716.799988 0.002223
717.500000 0.002223
718.099976 0.002223
718.700012 0.002223
719.299988 0.002223
720.000000 0.002223
720.599976 0.002223
721.200012 0.002223
721.799988 0.002223
722.500000 0.002223
723.099976 0.002223
723.700012 0.002223
724.299988 0.002223
725.000000 0.002223
725.599976 0.002223
726.200012 0.002223
726.799988 0.002223
727.500000 0.002223
728.099976 0.002223
728.700012 0.002223
729.299988 0.002223
730.000000 0.002223
730.599976 0.002223
731.200012 0.002223
731.799988 0.002223
732.500000 0.002223
733.099976 0.002223
733.700012 0.002223
734.299988 0.002223
735.000000 0.002223
735.599976 0.002223
736.200012 0.002223
736.799988 0.002223
737.500000 0.002223
738.099976 0.002223
738.700012 0.002223
739.299988 0.002223
740.000000 0.002223
740.599976 0.002223
741.200012 0.002223
741.799988 0.002223
742.500000 0.002223
743.099976 0.002222
743.700012 0.002223
744.299988 0.002223
745.000000 0.002222
745.599976 0.002223
746.200012 0.002223
746.799988 0.002223
747.500000 0.002223
748.099976 0.002223
748.700012 0.002223
749.299988 0.002223
750.000000 0.002223
