300.000000 0.008335
300.600006 0.008335
301.200012 0.008335
301.799988 0.008798
302.500000 0.008773
303.100006 0.008751
303.700012 0.008732
304.299988 0.008714
305.000000 0.009092
305.600006 0.009059
306.200012 0.009029
306.799988 0.009335
307.500000 0.008976
308.100006 0.009937
308.700012 0.009525
309.299988 0.009484
310.000000 0.009410
310.600006 0.009376
311.200012 0.009345
311.799988 0.009287
312.500000 0.009261
313.100006 0.009212
313.700012 0.009403
314.299988 0.009148
315.000000 0.009110
315.600006 0.009282
316.200012 0.009044
316.799988 0.008845
317.500000 0.008825
318.100006 0.008806
318.700012 0.008789
319.299988 0.008773
320.000000 0.008617
320.600006 0.008469
321.200012 0.008465
321.799988 0.008335
322.500000 0.008335
323.100006 0.008106
323.700012 0.008112
324.299988 0.007913
325.000000 0.007826
325.600006 0.007839
326.200012 0.007760
326.799988 0.007602
327.500000 0.007618
328.100006 0.007475
328.700012 0.007418
329.299988 0.007293
330.000000 0.007312
330.600006 0.007133
331.200012 0.006970
331.799988 0.007004
332.500000 0.006912
333.100006 0.006825
333.700012 0.006680
334.299988 0.006606
335.000000 0.006583
335.600006 0.006528
336.200012 0.006451
336.799988 0.006306
337.500000 0.006251
338.100006 0.006160
338.700012 0.006149
339.299988 0.006017
340.000000 0.006009
340.600006 0.005867
341.200012 0.005798
341.799988 0.005733
342.500000 0.005685
343.100006 0.005598
343.700012 0.005476
344.299988 0.005400
345.000000 0.005353
345.600006 0.005284
346.200012 0.005218
346.799988 0.005113
347.500000 0.005042
348.100006 0.005021
348.700012 0.004884
349.299988 0.004767
350.000000 0.004772
350.600006 0.004711
351.200012 0.004578
351.799988 0.004481
352.500000 0.004460
353.100006 0.004357
353.700012 0.004286
354.299988 0.004206
355.000000 0.004104
355.600006 0.004032
356.200012 0.003963
356.799988 0.003874
357.500000 0.003778
358.100006 0.003697
358.700012 0.003619
359.299988 0.003544
360.000000 0.003464
360.600006 0.003379
361.200012 0.003286
361.799988 0.003216
362.500000 0.003123
363.100006 0.003041
363.700012 0.002956
364.299988 0.002862
365.000000 0.002790
365.600006 0.002703
366.200012 0.002637
366.799988 0.002540
367.500000 0.002474
368.100006 0.002406
368.700012 0.002294
369.299988 0.002233
370.000000 0.002166
370.600006 0.002095
371.200012 0.002011
371.799988 0.001939
372.500000 0.001868
373.100006 0.001807
373.700012 0.001731
374.299988 0.001667
375.000000 0.001607
375.600006 0.001549
376.200012 0.001481
376.799988 0.001437
377.500000 0.001371
378.100006 0.001313
378.700012 0.001266
379.299988 0.001202
380.000000 0.001175
380.600006 0.001118
381.200012 0.001058
381.799988 0.001023
382.500000 0.000966
383.100006 0.000909
383.700012 0.000881
384.299988 0.000833
385.000000 0.000785
385.600006 0.000769
386.200012 0.000749
386.799988 0.000718
387.500000 0.000695
388.100006 0.000667
388.700012 0.000643
389.299988 0.000637
390.000000 0.000611
390.600006 0.000587
391.200012 0.000577
391.799988 0.000564
392.500000 0.000556
393.100006 0.000533
393.700012 0.000517
394.299988 0.000510
395.000000 0.000488
395.600006 0.000481
396.200012 0.000466
396.799988 0.000458
397.500000 0.000443
398.100006 0.000437
398.700012 0.000424
399.299988 0.000424
400.000000 0.000411
400.600006 0.000407
401.200012 0.000398
401.799988 0.000399
402.500000 0.000394
403.100006 0.000388
403.700012 0.000383
404.299988 0.000383
405.000000 0.000378
405.600006 0.000379
406.200012 0.000375
406.799988 0.000376
407.500000 0.000380
408.100006 0.000388
408.700012 0.000395
409.299988 0.000392
410.000000 0.000394
410.600006 0.000397
411.200012 0.000406
411.799988 0.000409
412.500000 0.000411
413.100006 0.000420
413.700012 0.000426
414.299988 0.000438
415.000000 0.000440
415.600006 0.000453
416.200012 0.000453
416.799988 0.000462
417.500000 0.000469
418.100006 0.000481
418.700012 0.000489
419.299988 0.000495
420.000000 0.000507
420.600006 0.000518
421.200012 0.000529
421.799988 0.000544
422.500000 0.000553
423.100006 0.000563
423.700012 0.000579
424.299988 0.000594
425.000000 0.000604
425.600006 0.000617
426.200012 0.000627
426.799988 0.000640
427.500000 0.000659
428.100006 0.000671
428.700012 0.000690
429.299988 0.000707
430.000000 0.000730
430.600006 0.000743
431.200012 0.000754
431.799988 0.000785
432.500000 0.000804
433.100006 0.000823
433.700012 0.000849
434.299988 0.000874
435.000000 0.000900
435.600006 0.000927
436.200012 0.000950
436.799988 0.000983
437.500000 0.001008
438.100006 0.001035
438.700012 0.001060
439.299988 0.001096
440.000000 0.001116
440.600006 0.001144
441.200012 0.001183
441.799988 0.001208
442.500000 0.001234
443.100006 0.001261
443.700012 0.001289
444.299988 0.001318
445.000000 0.001350
445.600006 0.001370
446.200012 0.001402
446.799988 0.001424
447.500000 0.001444
448.100006 0.001470
448.700012 0.001487
449.299988 0.001505
450.000000 0.001537
450.600006 0.001556
451.200012 0.001581
451.799988 0.001602
452.500000 0.001621
453.100006 0.001642
453.700012 0.001655
454.299988 0.001670
455.000000 0.001685
455.600006 0.001699
456.200012 0.001715
456.799988 0.001723
457.500000 0.001728
458.100006 0.001736
458.700012 0.001743
459.299988 0.001743
460.000000 0.001734
460.600006 0.001738
461.200012 0.001740
461.799988 0.001725
462.500000 0.001715
463.100006 0.001692
463.700012 0.001692
464.299988 0.001692
465.000000 0.001687
465.600006 0.001707
466.200012 0.001729
466.799988 0.001740
467.500000 0.001749
468.100006 0.001729
468.700012 0.001722
469.299988 0.001757
470.000000 0.001784
470.600006 0.001797
471.200012 0.001803
471.799988 0.001806
472.500000 0.001816
473.100006 0.001813
473.700012 0.001818
474.299988 0.001797
475.000000 0.001758
475.600006 0.001771
476.200012 0.001746
476.799988 0.001753
477.500000 0.001789
478.100006 0.001804
478.700012 0.001816
479.299988 0.001810
480.000000 0.001804
480.600006 0.001813
481.200012 0.001799
481.799988 0.001800
482.500000 0.001798
483.100006 0.001791
483.700012 0.001790
484.299988 0.001784
485.000000 0.001781
485.600006 0.001784
486.200012 0.001769
486.799988 0.001764
487.500000 0.001751
488.100006 0.001745
488.700012 0.001741
489.299988 0.001730
490.000000 0.001723
490.600006 0.001708
491.200012 0.001704
491.799988 0.001694
492.500000 0.001681
493.100006 0.001677
493.700012 0.001663
494.299988 0.001660
495.000000 0.001642
495.600006 0.001631
496.200012 0.001622
496.799988 0.001614
497.500000 0.001607
498.100006 0.001593
498.700012 0.001586
499.299988 0.001573
500.000000 0.001559
500.600006 0.001554
501.200012 0.001533
501.799988 0.001522
502.500000 0.001514
503.100006 0.001500
503.700012 0.001482
504.299988 0.001476
505.000000 0.001462
505.600006 0.001450
506.200012 0.001434
506.799988 0.001421
507.500000 0.001412
508.100006 0.001393
508.700012 0.001385
509.299988 0.001370
510.000000 0.001357
510.600006 0.001343
511.200012 0.001333
511.799988 0.001318
512.500000 0.001299
513.099976 0.001292
513.700012 0.001271
514.299988 0.001258
515.000000 0.001247
515.599976 0.001236
516.200012 0.001223
516.799988 0.001215
517.500000 0.001201
518.099976 0.001189
518.700012 0.001176
519.299988 0.001163
520.000000 0.001158
520.599976 0.001139
521.200012 0.001130
521.799988 0.001110
522.500000 0.001101
523.099976 0.001090
523.700012 0.001081
524.299988 0.001068
525.000000 0.001055
525.599976 0.001046
526.200012 0.001038
526.799988 0.001026
527.500000 0.001017
528.099976 0.001004
528.700012 0.000998
529.299988 0.000983
530.000000 0.000969
530.599976 0.000961
531.200012 0.000955
531.799988 0.000945
532.500000 0.000936
533.099976 0.000929
533.700012 0.000920
534.299988 0.000910
535.000000 0.000902
535.599976 0.000897
536.200012 0.000890
536.799988 0.000881
537.500000 0.000875
538.099976 0.000867
538.700012 0.000863
539.299988 0.000854
540.000000 0.000848
540.599976 0.000840
541.200012 0.000835
541.799988 0.000829
542.500000 0.000820
543.099976 0.000819
543.700012 0.000814
544.299988 0.000813
545.000000 0.000807
545.599976 0.000805
546.200012 0.000800
546.799988 0.000798
547.500000 0.000795
548.099976 0.000795
548.700012 0.000793
549.299988 0.000788
550.000000 0.000788
550.599976 0.000788
551.200012 0.000785
551.799988 0.000785
552.500000 0.000786
553.099976 0.000783
553.700012 0.000781
554.299988 0.000782
555.000000 0.000788
555.599976 0.000781
556.200012 0.000787
556.799988 0.000790
557.500000 0.000788
558.099976 0.000792
558.700012 0.000794
559.299988 0.000798
560.000000 0.000798
560.599976 0.000804
561.200012 0.000803
561.799988 0.000808
562.500000 0.000812
563.099976 0.000818
563.700012 0.000822
564.299988 0.000827
565.000000 0.000830
565.599976 0.000833
566.200012 0.000839
566.799988 0.000844
567.500000 0.000853
568.099976 0.000860
568.700012 0.000866
569.299988 0.000879
570.000000 0.000882
570.599976 0.000887
571.200012 0.000898
571.799988 0.000909
572.500000 0.000912
573.099976 0.000923
573.700012 0.000937
574.299988 0.000941
575.000000 0.000949
575.599976 0.000963
576.200012 0.000969
576.799988 0.000987
577.500000 0.000997
578.099976 0.001011
578.700012 0.001022
579.299988 0.001031
580.000000 0.001041
580.599976 0.001064
581.200012 0.001070
581.799988 0.001077
582.500000 0.001090
583.099976 0.001106
583.700012 0.001125
584.299988 0.001138
585.000000 0.001149
585.599976 0.001167
586.200012 0.001179
586.799988 0.001195
587.500000 0.001214
588.099976 0.001230
588.700012 0.001243
589.299988 0.001258
590.000000 0.001285
590.599976 0.001297
591.200012 0.001314
591.799988 0.001327
592.500000 0.001340
593.099976 0.001355
593.700012 0.001374
594.299988 0.001389
595.000000 0.001408
595.599976 0.001419
596.200012 0.001436
596.799988 0.001448
597.500000 0.001461
598.099976 0.001477
598.700012 0.001498
599.299988 0.001518
600.000000 0.001543
600.599976 0.001560
601.200012 0.001578
601.799988 0.001594
602.500000 0.001608
603.099976 0.001623
603.700012 0.001639
604.299988 0.001649
605.000000 0.001662
605.599976 0.001680
606.200012 0.001690
606.799988 0.001704
607.500000 0.001716
608.099976 0.001731
608.700012 0.001739
609.299988 0.001759
610.000000 0.001771
610.599976 0.001777
611.200012 0.001789
611.799988 0.001791
612.500000 0.001802
613.099976 0.001808
613.700012 0.001820
614.299988 0.001833
615.000000 0.001837
615.599976 0.001845
616.200012 0.001864
616.799988 0.001856
617.500000 0.001872
618.099976 0.001877
618.700012 0.001887
619.299988 0.001892
620.000000 0.001905
620.599976 0.001914
621.200012 0.001916
621.799988 0.001918
622.500000 0.001920
623.099976 0.001933
623.700012 0.001932
624.299988 0.001940
625.000000 0.001935
625.599976 0.001944
626.200012 0.001948
626.799988 0.001954
627.500000 0.001954
628.099976 0.001960
628.700012 0.001954
629.299988 0.001965
630.000000 0.001971
630.599976 0.001969
631.200012 0.001979
631.799988 0.001977
632.500000 0.001978
633.099976 0.001983
633.700012 0.001981
634.299988 0.001983
635.000000 0.001982
635.599976 0.001983
636.200012 0.001978
636.799988 0.001983
637.500000 0.001979
638.099976 0.001980
638.700012 0.001987
639.299988 0.001980
640.000000 0.001983
640.599976 0.001984
641.200012 0.001996
641.799988 0.002000
642.500000 0.001994
643.099976 0.002000
643.700012 0.001997
644.299988 0.001994
645.000000 0.002003
645.599976 0.002003
646.200012 0.002004
646.799988 0.002008
647.500000 0.001993
648.099976 0.002005
648.700012 0.001998
649.299988 0.002002
650.000000 0.001999
650.599976 0.002006
651.200012 0.002003
651.799988 0.002015
652.500000 0.002013
653.099976 0.002014
653.700012 0.002019
654.299988 0.002015
655.000000 0.002016
655.599976 0.002019
656.200012 0.002008
656.799988 0.002010
657.500000 0.002009
658.099976 0.002006
658.700012 0.001995
659.299988 0.001992
660.000000 0.001989
660.599976 0.001994
661.200012 0.002002
661.799988 0.002006
662.500000 0.002009
663.099976 0.002010
663.700012 0.002013
664.299988 0.002017
665.000000 0.002020
665.599976 0.002014
666.200012 0.002018
666.799988 0.002018
667.500000 0.002012
668.099976 0.002022
668.700012 0.002007
669.299988 0.002018
670.000000 0.002014
670.599976 0.002025
671.200012 0.002025
671.799988 0.002015
672.500000 0.002019
673.099976 0.002031
673.700012 0.002025
674.299988 0.002030
675.000000 0.002026
675.599976 0.002028
676.200012 0.002042
676.799988 0.002031
677.500000 0.002040
678.099976 0.002036
678.700012 0.002044
679.299988 0.002042
680.000000 0.002037
680.599976 0.002052
681.200012 0.002049
681.799988 0.002049
682.500000 0.002056
683.099976 0.002040
683.700012 0.002046
684.299988 0.002047
685.000000 0.002050
685.599976 0.002051
686.200012 0.002050
686.799988 0.002044
687.500000 0.002055
688.099976 0.002053
688.700012 0.002054
689.299988 0.002058
690.000000 0.002061
690.599976 0.002061
691.200012 0.002065
691.799988 0.002052
692.500000 0.002041
693.099976 0.001980
693.700012 0.002035
694.299988 0.001910
695.000000 0.002056
695.599976 0.002067
696.200012 0.002068
696.799988 0.002076
697.500000 0.002070
698.099976 0.002071
698.700012 0.002060
699.299988 0.002057
700.000000 0.002046
700.599976 0.002045
701.200012 0.002038
701.799988 0.002039
702.500000 0.002033
703.099976 0.002034
703.700012 0.002033
704.299988 0.002037
705.000000 0.002026
705.599976 0.002032
706.200012 0.002027
706.799988 0.002025
707.500000 0.002023
708.099976 0.002032
708.700012 0.002021
709.299988 0.002026
710.000000 0.002029
710.599976 0.002028
711.200012 0.002021
711.799988 0.002022
712.500000 0.002011
713.099976 0.002008
713.700012 0.002013
714.299988 0.001995
715.000000 0.001994
715.599976 0.001987
716.200012 0.001981
716.799988 0.001970
717.500000 0.001963
718.099976 0.001952
718.700012 0.001952
719.299988 0.001946
720.000000 0.001942
720.599976 0.001922
721.200012 0.001927
721.799988 0.001934
722.500000 0.001948
723.099976 0.001945
723.700012 0.001962
724.299988 0.001967
725.000000 0.001978
725.599976 0.001979
726.200012 0.001978
726.799988 0.001985
727.500000 0.001978
728.099976 0.001975
728.700012 0.001960
729.299988 0.001966
730.000000 0.001972
730.599976 0.001982
731.200012 0.001985
731.799988 0.001984
732.500000 0.001970
733.099976 0.001981
733.700012 0.001976
734.299988 0.001976
735.000000 0.001967
735.599976 0.001974
736.200012 0.001968
736.799988 0.001982
737.500000 0.001983
738.099976 0.001978
738.700012 0.001979
739.299988 0.001998
740.000000 0.002007
740.599976 0.002005
741.200012 0.002004
741.799988 0.002003
742.500000 0.002000
743.099976 0.002013
743.700012 0.002012
744.299988 0.002007
745.000000 0.002005
745.599976 0.002000
746.200012 0.001997
746.799988 0.001998
747.500000 0.001994
748.099976 0.001986
748.700012 0.001991
749.299988 0.002008
750.000000 0.001992
