585.000000 6.000000
585.012500 6.000000
585.025000 6.000000
585.037500 6.000000
585.050000 6.000000
585.062500 6.000000
585.075000 6.000000
585.087500 6.000000
585.099976 6.000000
585.112476 6.000000
585.124976 6.000000
585.137476 6.000000
585.149976 6.000000
585.162476 6.000000
585.174976 6.000000
585.187476 6.000000
585.200012 6.000000
585.212512 6.000000
585.225012 6.000000
585.237512 6.000000
585.250012 6.000000
585.262512 6.000000
585.275012 6.000000
585.287512 6.000000
585.299988 6.000000
585.312488 6.000000
585.324988 6.000000
585.337488 6.000000
585.349988 6.000000
585.362488 6.000000
585.374988 6.000000
585.387488 6.000000
585.400024 6.000000
585.412524 6.000000
585.425024 6.000000
585.437524 6.000000
585.450024 6.000000
585.462524 6.000000
585.475024 6.000000
585.487524 6.000000
585.500000 6.000000
585.512500 6.000000
585.525000 6.000000
585.537500 6.000000
585.550000 6.000000
585.562500 6.000000
585.575000 6.000000
585.587500 6.000000
585.599976 6.000000
585.612476 6.000000
585.624976 6.000000
585.637476 6.000000
585.649976 6.000000
585.662476 6.000000
585.674976 6.000000
585.687476 6.000000
585.700012 6.000000
585.712512 6.000000
585.725012 6.000000
585.737512 6.000000
585.750012 6.000000
585.762512 6.000000
585.775012 6.000000
585.787512 6.000000
585.799988 6.000000
585.812488 6.000000
585.824988 6.000000
585.837488 6.000000
585.849988 6.000000
585.862488 6.000000
585.874988 6.000000
585.887488 6.000000
585.900024 6.000000
585.912524 6.000000
585.925024 6.000000
585.937524 6.000000
585.950024 6.000000
585.962524 6.000000
585.975024 6.000000
585.987524 6.000000
586.000000 6.000000
586.012500 6.000000
586.025000 6.000000
586.037500 6.000000
586.050000 6.000000
586.062500 6.000000
586.075000 6.000000
586.087500 6.000000
586.099976 6.000000
586.112476 6.000000
586.124976 6.000000
586.137476 6.000000
586.149976 6.000000
586.162476 6.000000
586.174976 6.000000
586.187476 6.000000
586.200012 6.000000
586.212512 6.000000
586.225012 6.000000
586.237512 6.000000
586.250012 6.000000
586.262512 6.000000
586.275012 6.000000
586.287512 6.000000
586.299988 6.000000
586.312488 6.000000
586.324988 6.000000
586.337488 6.000000
586.349988 6.000000
586.362488 6.000000
586.374988 6.000000
586.387488 6.000000
586.400024 6.000000
586.412524 6.000000
586.425024 6.000000
586.437524 6.000000
586.450024 6.000000
586.462524 6.000000
586.475024 6.000000
586.487524 6.000000
586.500000 6.000000
586.512500 6.000000
586.525000 6.000000
586.537500 6.000000
586.550000 6.000000
586.562500 6.000000
586.575000 6.000000
586.587500 6.000000
586.599976 6.000000
586.612476 6.000000
586.624976 6.000000
586.637476 6.000000
586.649976 6.000000
586.662476 6.000000
586.674976 6.000000
586.687476 6.000000
586.700012 6.000000
586.712512 6.000000
586.725012 6.000000
586.737512 6.000000
586.750012 6.000000
586.762512 6.000000
586.775012 6.000000
586.787512 6.000000
586.799988 6.000000
586.812488 6.000000
586.824988 6.000000
586.837488 7.000000
586.849988 6.000000
586.862488 6.000000
586.874988 6.000000
586.887488 6.000000
586.900024 6.000000
586.912524 6.000000
586.925024 6.000000
586.937524 6.000000
586.950024 6.000000
586.962524 6.000000
586.975024 6.000000
586.987524 6.000000
587.000000 6.000000
587.012500 6.000000
587.025000 6.000000
587.037500 6.000000
587.050000 6.000000
587.062500 6.000000
587.075000 6.000000
587.087500 6.000000
587.099976 6.000000
587.112476 6.000000
587.124976 6.000000
587.137476 6.000000
587.149976 6.000000
587.162476 6.000000
587.174976 6.000000
587.187476 6.000000
587.200012 6.000000
587.212512 6.000000
587.225012 6.000000
587.237512 6.000000
587.250012 6.000000
587.262512 6.000000
587.275012 6.000000
587.287512 6.000000
587.299988 6.000000
587.312488 6.000000
587.324988 6.000000
587.337488 6.000000
587.349988 6.000000
587.362488 6.000000
587.374988 6.000000
587.387488 6.000000
587.400024 6.000000
587.412524 6.000000
587.425024 6.000000
587.437524 6.000000
587.450024 6.000000
587.462524 6.000000
587.475024 6.000000
587.487524 6.000000
587.500000 6.000000
587.512500 6.000000
587.525000 6.000000
587.537500 6.000000
587.550000 6.000000
587.562500 6.000000
587.575000 6.000000
587.587500 6.000000
587.599976 6.000000
587.612476 6.000000
587.624976 6.000000
587.637476 6.000000
587.649976 6.000000
587.662476 6.000000
587.674976 6.000000
587.687476 6.000000
587.700012 6.000000
587.712512 6.000000
587.725012 6.000000
587.737512 6.000000
587.750012 6.000000
587.762512 6.000000
587.775012 6.000000
587.787512 6.000000
587.799988 6.000000
587.812488 6.000000
587.824988 6.000000
587.837488 6.000000
587.849988 6.000000
587.862488 6.000000
587.874988 6.000000
587.887488 6.000000
587.900024 6.000000
587.912524 6.000000
587.925024 6.000000
587.937524 6.000000
587.950024 6.000000
587.962524 6.000000
587.975024 6.000000
587.987524 6.000000
588.000000 6.000000
588.012500 6.000000
588.025000 6.000000
588.037500 6.000000
588.050000 6.000000
588.062500 6.000000
588.075000 6.000000
588.087500 6.000000
588.099976 6.000000
588.112476 7.000000
588.124976 6.000000
588.137476 6.000000
588.149976 7.000000
588.162476 6.000000
588.174976 6.000000
588.187476 6.000000
588.200012 7.000000
588.212512 7.000000
588.225012 7.000000
588.237512 6.000000
588.250012 7.000000
588.262512 7.000000
588.275012 7.000000
588.287512 6.000000
588.299988 7.000000
588.312488 7.000000
588.324988 7.000000
588.337488 7.000000
588.349988 7.000000
588.362488 7.000000
588.374988 7.000000
588.387488 7.000000
588.400024 7.000000
588.412524 7.000000
588.425024 7.000000
588.437524 7.000000
588.450024 7.000000
588.462524 7.000000
588.475024 7.000000
588.487524 7.000000
588.500000 7.000000
588.512500 7.000000
588.525000 7.000000
588.537500 7.000000
588.550000 7.000000
588.562500 7.000000
588.575000 7.000000
588.587500 7.000000
588.599976 8.000000
588.612476 8.000000
588.624976 8.000000
588.637476 8.000000
588.649976 8.000000
588.662476 8.000000
588.674976 9.000000
588.687476 9.000000
588.700012 9.000000
588.712512 10.000000
588.725012 11.000000
588.737512 11.000000
588.750012 13.000000
588.762512 15.000000
588.775012 18.000000
588.787512 23.000000
588.799988 34.000000
588.812488 58.000000
588.824988 102.000000
588.837488 199.000000
588.849988 333.000000
588.862488 520.000000
588.874988 721.000000
588.887488 889.000000
588.900024 1219.000000
588.912524 1465.000000
588.925024 1618.000000
588.937524 1880.000000
588.950024 2069.000000
588.962524 2142.000000
588.975024 2241.000000
588.987524 2294.000000
589.000000 2304.000000
589.012500 2297.000000
589.025000 2306.000000
589.037500 2273.000000
589.050000 2206.000000
589.062500 2164.000000
589.075000 2076.000000
589.087500 1895.000000
589.099976 1708.000000
589.112476 1533.000000
589.124976 1301.000000
589.137476 1092.000000
589.149976 870.000000
589.162476 653.000000
589.174976 453.000000
589.187476 333.000000
589.200012 217.000000
589.212512 627.000000
589.225012 103.000000
589.237512 68.000000
589.250012 51.000000
589.262512 38.000000
589.275012 30.000000
589.287512 25.000000
589.299988 22.000000
589.312488 20.000000
589.324988 19.000000
589.337488 19.000000
589.349988 19.000000
589.362488 19.000000
589.374988 20.000000
589.387488 22.000000
589.400024 25.000000
589.412524 33.000000
589.425024 49.000000
589.437524 89.000000
589.450024 163.000000
589.462524 276.000000
589.475024 388.000000
589.487524 603.000000
589.500000 824.000000
589.512500 1011.000000
589.525000 1227.000000
589.537500 1497.000000
589.550000 1721.000000
589.562500 1860.000000
589.575000 2030.000000
589.587500 2138.000000
589.599976 2148.000000
589.612476 2206.000000
589.624976 2228.000000
589.637476 2196.000000
589.649976 2174.000000
589.662476 2162.000000
589.674976 2089.000000
589.687476 2009.000000
589.700012 1918.000000
589.712512 1754.000000
589.725012 1598.000000
589.737512 1409.000000
589.750012 1199.000000
589.762512 910.000000
589.775012 753.000000
589.787512 565.000000
589.799988 391.000000
589.812488 738.000000
589.824988 179.000000
589.837488 584.000000
589.849988 74.000000
589.862488 50.000000
589.874988 34.000000
589.887488 27.000000
589.900024 21.000000
589.912524 18.000000
589.925024 17.000000
589.937524 15.000000
589.950024 14.000000
589.962524 14.000000
589.975024 13.000000
589.987524 12.000000
590.000000 12.000000
590.012500 12.000000
590.025000 11.000000
590.037500 11.000000
590.050000 11.000000
590.062500 10.000000
590.075000 11.000000
590.087500 10.000000
590.099976 10.000000
590.112476 10.000000
590.124976 10.000000
590.137476 9.000000
590.149976 9.000000
590.162476 9.000000
590.174976 9.000000
590.187476 9.000000
590.200012 9.000000
590.212512 9.000000
590.225012 9.000000
590.237512 8.000000
590.250012 8.000000
590.262512 8.000000
590.275012 8.000000
590.287512 8.000000
590.299988 8.000000
590.312488 8.000000
590.324988 8.000000
590.337488 8.000000
590.349988 8.000000
590.362488 8.000000
590.374988 8.000000
590.387488 7.000000
590.400024 8.000000
590.412524 8.000000
590.425024 7.000000
590.437524 7.000000
590.450024 8.000000
590.462524 7.000000
590.475024 7.000000
590.487524 7.000000
590.500000 7.000000
590.512500 7.000000
590.525000 7.000000
590.537500 7.000000
590.550000 7.000000
590.562500 7.000000
590.575000 7.000000
590.587500 7.000000
590.599976 7.000000
590.612476 7.000000
590.624976 7.000000
590.637476 7.000000
590.649976 7.000000
590.662476 7.000000
590.674976 7.000000
590.687476 7.000000
590.700012 7.000000
590.712512 7.000000
590.725012 7.000000
590.737512 7.000000
590.750012 7.000000
590.762512 7.000000
590.775012 7.000000
590.787512 7.000000
590.799988 7.000000
590.812488 7.000000
590.824988 7.000000
590.837488 7.000000
590.849988 7.000000
590.862488 7.000000
590.874988 6.000000
590.887488 7.000000
590.900024 7.000000
590.912524 7.000000
590.925024 7.000000
590.937524 7.000000
590.950024 7.000000
590.962524 7.000000
590.975024 7.000000
590.987524 7.000000
591.000000 7.000000
591.012500 6.000000
591.025000 7.000000
591.037500 7.000000
591.050000 6.000000
591.062500 7.000000
591.075000 6.000000
591.087500 6.000000
591.099976 7.000000
591.112476 6.000000
591.124976 7.000000
591.137476 6.000000
591.149976 6.000000
591.162476 7.000000
591.174976 7.000000
591.187476 7.000000
591.200012 7.000000
591.212512 6.000000
591.225012 6.000000
591.237512 7.000000
591.250012 6.000000
591.262512 6.000000
591.275012 6.000000
591.287512 6.000000
591.299988 7.000000
591.312488 6.000000
591.324988 6.000000
591.337488 6.000000
591.349988 6.000000
591.362488 6.000000
591.374988 6.000000
591.387488 6.000000
591.400024 6.000000
591.412524 6.000000
591.425024 6.000000
591.437524 6.000000
591.450024 7.000000
591.462524 6.000000
591.475024 6.000000
591.487524 6.000000
591.500000 6.000000
591.512500 6.000000
591.525000 6.000000
591.537500 6.000000
591.550000 6.000000
591.562500 6.000000
591.575000 6.000000
591.587500 6.000000
591.599976 6.000000
591.612476 6.000000
591.624976 6.000000
591.637476 6.000000
591.649976 6.000000
591.662476 6.000000
591.674976 6.000000
591.687476 6.000000
591.700012 6.000000
591.712512 6.000000
591.725012 7.000000
591.737512 7.000000
591.750012 6.000000
591.762512 6.000000
591.775012 6.000000
591.787512 6.000000
591.799988 6.000000
591.812488 6.000000
591.824988 6.000000
591.837488 6.000000
591.849988 6.000000
591.862488 6.000000
591.874988 6.000000
591.887488 6.000000
591.900024 6.000000
591.912524 6.000000
591.925024 6.000000
591.937524 6.000000
591.950024 6.000000
591.962524 6.000000
591.975024 6.000000
591.987524 6.000000
592.000000 6.000000
592.012500 6.000000
592.025000 6.000000
592.037500 6.000000
592.050000 6.000000
592.062500 6.000000
592.075000 6.000000
592.087500 6.000000
592.099976 6.000000
592.112476 6.000000
592.124976 6.000000
592.137476 6.000000
592.149976 6.000000
592.162476 6.000000
592.174976 6.000000
592.187476 6.000000
592.200012 6.000000
592.212512 6.000000
592.225012 6.000000
592.237512 6.000000
592.250012 6.000000
592.262512 6.000000
592.275012 6.000000
592.287512 6.000000
592.299988 6.000000
592.312488 6.000000
592.324988 6.000000
592.337488 6.000000
592.349988 6.000000
592.362488 6.000000
592.374988 6.000000
592.387488 6.000000
592.400024 6.000000
592.412524 6.000000
592.425024 6.000000
592.437524 6.000000
592.450024 6.000000
592.462524 6.000000
592.475024 6.000000
592.487524 6.000000
592.500000 6.000000
592.512500 6.000000
592.525000 6.000000
592.537500 6.000000
592.550000 6.000000
592.562500 6.000000
592.575000 6.000000
592.587500 6.000000
592.599976 6.000000
592.612476 6.000000
592.624976 6.000000
592.637476 6.000000
592.649976 6.000000
592.662476 6.000000
592.674976 6.000000
592.687476 6.000000
592.700012 6.000000
592.712512 6.000000
592.725012 6.000000
592.737512 6.000000
592.750012 6.000000
592.762512 6.000000
592.775012 6.000000
592.787512 6.000000
592.799988 6.000000
592.812488 6.000000
592.824988 6.000000
592.837488 6.000000
592.849988 6.000000
592.862488 6.000000
592.874988 6.000000
592.887488 6.000000
592.900024 6.000000
592.912524 6.000000
592.925024 6.000000
592.937524 6.000000
592.950024 6.000000
592.962524 6.000000
592.975024 6.000000
592.987524 6.000000
593.000000 6.000000
593.012500 6.000000
593.025000 6.000000
593.037500 6.000000
593.050000 6.000000
593.062500 6.000000
593.075000 6.000000
593.087500 6.000000
593.099976 6.000000
593.112476 6.000000
593.124976 6.000000
593.137476 6.000000
593.149976 6.000000
593.162476 6.000000
593.174976 6.000000
593.187476 6.000000
593.200012 6.000000
593.212512 6.000000
593.225012 6.000000
593.237512 6.000000
593.250012 6.000000
593.262512 6.000000
593.275012 6.000000
593.287512 6.000000
593.299988 6.000000
593.312488 6.000000
593.324988 6.000000
593.337488 6.000000
593.349988 6.000000
593.362488 6.000000
593.374988 6.000000
593.387488 6.000000
593.400024 6.000000
593.412524 6.000000
593.425024 6.000000
593.437524 6.000000
593.450024 6.000000
593.462524 6.000000
593.475024 6.000000
593.487524 6.000000
593.500000 6.000000
593.512500 6.000000
593.525000 6.000000
593.537500 6.000000
593.550000 6.000000
593.562500 6.000000
593.575000 6.000000
593.587500 6.000000
593.599976 6.000000
593.612476 6.000000
593.624976 6.000000
593.637476 6.000000
593.649976 6.000000
593.662476 6.000000
593.674976 6.000000
593.687476 6.000000
593.700012 6.000000
593.712512 6.000000
593.725012 6.000000
593.737512 6.000000
593.750012 6.000000
593.762512 6.000000
593.775012 6.000000
593.787512 6.000000
593.799988 6.000000
593.812488 6.000000
593.824988 6.000000
593.837488 6.000000
593.849988 6.000000
593.862488 6.000000
593.874988 6.000000
593.887488 6.000000
593.900024 6.000000
593.912524 6.000000
593.925024 6.000000
593.937524 6.000000
593.950024 6.000000
593.962524 6.000000
593.975024 6.000000
593.987524 6.000000
594.000000 6.000000
594.012500 6.000000
594.025000 6.000000
594.037500 6.000000
594.050000 6.000000
594.062500 6.000000
594.075000 6.000000
594.087500 6.000000
594.099976 6.000000
594.112476 6.000000
594.124976 6.000000
594.137476 6.000000
594.149976 6.000000
594.162476 6.000000
594.174976 6.000000
594.187476 6.000000
594.200012 6.000000
594.212512 6.000000
594.225012 6.000000
594.237512 6.000000
594.250012 6.000000
594.262512 6.000000
594.275012 6.000000
594.287512 6.000000
594.299988 6.000000
594.312488 6.000000
594.324988 6.000000
594.337488 6.000000
594.349988 6.000000
594.362488 6.000000
594.374988 6.000000
594.387488 6.000000
594.400024 6.000000
594.412524 6.000000
594.425024 6.000000
594.437524 6.000000
594.450024 6.000000
594.462524 6.000000
594.475024 6.000000
594.487524 6.000000
594.500000 6.000000
594.512500 6.000000
594.525000 6.000000
594.537500 6.000000
594.550000 6.000000
594.562500 6.000000
594.575000 6.000000
594.587500 6.000000
594.599976 6.000000
594.612476 6.000000
594.624976 6.000000
594.637476 6.000000
594.649976 6.000000
594.662476 6.000000
594.674976 6.000000
594.687476 6.000000
594.700012 6.000000
594.712512 6.000000
594.725012 6.000000
594.737512 6.000000
594.750012 6.000000
594.762512 6.000000
594.775012 6.000000
594.787512 6.000000
594.799988 6.000000
594.812488 6.000000
594.824988 6.000000
594.837488 6.000000
594.849988 6.000000
594.862488 6.000000
594.874988 6.000000
594.887488 6.000000
594.900024 6.000000
594.912524 6.000000
594.925024 6.000000
594.937524 6.000000
594.950024 6.000000
594.962524 6.000000
594.975024 6.000000
594.987524 6.000000
595.000000 6.000000
595.012500 0.000000
595.025000 0.000000
595.037500 0.000000
595.050000 0.000000
595.062500 0.000000
595.075000 0.000000
595.087500 0.000000
595.099976 0.000000
595.112476 0.000000
595.124976 0.000000
595.137476 0.000000
595.149976 0.000000
595.162476 0.000000
595.174976 0.000000
595.187476 0.000000
595.200012 0.000000
595.212512 0.000000
595.225012 0.000000
595.237512 0.000000
595.250012 0.000000
595.262512 0.000000
595.275012 0.000000
595.287512 0.000000
595.299988 0.000000
595.312488 0.000000
595.324988 0.000000
595.337488 0.000000
595.349988 0.000000
595.362488 0.000000
595.374988 0.000000
595.387488 0.000000
595.400024 0.000000
595.412524 0.000000
