610.000000 9.000000
610.012500 9.000000
610.025000 9.000000
610.037500 9.000000
610.050000 9.000000
610.062500 9.000000
610.075000 9.000000
610.087500 8.000000
610.099976 9.000000
610.112476 8.000000
610.124976 8.000000
610.137476 9.000000
610.149976 9.000000
610.162476 8.000000
610.174976 8.000000
610.187476 8.000000
610.200012 8.000000
610.212512 8.000000
610.225012 9.000000
610.237512 8.000000
610.250012 8.000000
610.262512 8.000000
610.275012 9.000000
610.287512 8.000000
610.299988 9.000000
610.312488 8.000000
610.324988 8.000000
610.337488 8.000000
610.349988 8.000000
610.362488 8.000000
610.374988 9.000000
610.387488 8.000000
610.400024 8.000000
610.412524 8.000000
610.425024 8.000000
610.437524 8.000000
610.450024 8.000000
610.462524 9.000000
610.475024 8.000000
610.487524 9.000000
610.500000 9.000000
610.512500 9.000000
610.525000 9.000000
610.537500 9.000000
610.550000 9.000000
610.562500 10.000000
610.575000 10.000000
610.587500 10.000000
610.599976 10.000000
610.612476 10.000000
610.624976 9.000000
610.637476 10.000000
610.649976 10.000000
610.662476 10.000000
610.674976 10.000000
610.687476 10.000000
610.700012 10.000000
610.712512 10.000000
610.725012 10.000000
610.737512 9.000000
610.750012 9.000000
610.762512 9.000000
610.775012 9.000000
610.787512 8.000000
610.799988 9.000000
610.812488 8.000000
610.824988 8.000000
610.837488 8.000000
610.849988 8.000000
610.862488 8.000000
610.874988 8.000000
610.887488 8.000000
610.900024 8.000000
610.912524 8.000000
610.925024 8.000000
610.937524 8.000000
610.950024 8.000000
610.962524 8.000000
610.975024 8.000000
610.987524 8.000000
611.000000 9.000000
611.012500 8.000000
611.025000 8.000000
611.037500 8.000000
611.050000 8.000000
611.062500 8.000000
611.075000 8.000000
611.087500 8.000000
611.099976 8.000000
611.112476 8.000000
611.124976 8.000000
611.137476 9.000000
611.149976 8.000000
611.162476 8.000000
611.174976 8.000000
611.187476 8.000000
611.200012 8.000000
611.212512 8.000000
611.225012 8.000000
611.237512 8.000000
611.250012 8.000000
611.262512 8.000000
611.275012 8.000000
611.287512 8.000000
611.299988 8.000000
611.312488 8.000000
611.324988 8.000000
611.337488 9.000000
611.349988 8.000000
611.362488 8.000000
611.374988 9.000000
611.387488 8.000000
611.400024 8.000000
611.412524 8.000000
611.425024 8.000000
611.437524 8.000000
611.450024 8.000000
611.462524 8.000000
611.475024 8.000000
611.487524 8.000000
611.500000 8.000000
611.512500 8.000000
611.525000 8.000000
611.537500 8.000000
611.550000 8.000000
611.562500 8.000000
611.575000 8.000000
611.587500 8.000000
611.599976 8.000000
611.612476 8.000000
611.624976 8.000000
611.637476 8.000000
611.649976 8.000000
611.662476 8.000000
611.674976 8.000000
611.687476 8.000000
611.700012 8.000000
611.712512 8.000000
611.725012 8.000000
611.737512 8.000000
611.750012 8.000000
611.762512 8.000000
611.775012 8.000000
611.787512 8.000000
611.799988 8.000000
611.812488 8.000000
611.824988 8.000000
611.837488 8.000000
611.849988 8.000000
611.862488 8.000000
611.874988 8.000000
611.887488 8.000000
611.900024 8.000000
611.912524 8.000000
611.925024 8.000000
611.937524 8.000000
611.950024 8.000000
611.962524 8.000000
611.975024 8.000000
611.987524 8.000000
612.000000 8.000000
612.012500 8.000000
612.025000 8.000000
612.037500 8.000000
612.050000 8.000000
612.062500 8.000000
612.075000 8.000000
612.087500 8.000000
612.099976 8.000000
612.112476 8.000000
612.124976 8.000000
612.137476 8.000000
612.149976 8.000000
612.162476 8.000000
612.174976 8.000000
612.187476 8.000000
612.200012 8.000000
612.212512 8.000000
612.225012 8.000000
612.237512 8.000000
612.250012 8.000000
612.262512 8.000000
612.275012 8.000000
612.287512 8.000000
612.299988 8.000000
612.312488 8.000000
612.324988 8.000000
612.337488 8.000000
612.349988 8.000000
612.362488 8.000000
612.374988 8.000000
612.387488 8.000000
612.400024 8.000000
612.412524 8.000000
612.425024 8.000000
612.437524 8.000000
612.450024 8.000000
612.462524 8.000000
612.475024 8.000000
612.487524 8.000000
612.500000 8.000000
612.512500 8.000000
612.525000 8.000000
612.537500 8.000000
612.550000 8.000000
612.562500 8.000000
612.575000 8.000000
612.587500 8.000000
612.599976 8.000000
612.612476 8.000000
612.624976 8.000000
612.637476 8.000000
612.649976 8.000000
612.662476 8.000000
612.674976 8.000000
612.687476 8.000000
612.700012 8.000000
612.712512 8.000000
612.725012 8.000000
612.737512 8.000000
612.750012 8.000000
612.762512 8.000000
612.775012 8.000000
612.787512 9.000000
612.799988 8.000000
612.812488 8.000000
612.824988 8.000000
612.837488 8.000000
612.849988 8.000000
612.862488 8.000000
612.874988 8.000000
612.887488 8.000000
612.900024 8.000000
612.912524 8.000000
612.925024 8.000000
612.937524 8.000000
612.950024 8.000000
612.962524 8.000000
612.975024 8.000000
612.987524 8.000000
613.000000 8.000000
613.012500 8.000000
613.025000 8.000000
613.037500 8.000000
613.050000 8.000000
613.062500 8.000000
613.075000 8.000000
613.087500 8.000000
613.099976 8.000000
613.112476 8.000000
613.124976 8.000000
613.137476 8.000000
613.149976 8.000000
613.162476 8.000000
613.174976 8.000000
613.187476 8.000000
613.200012 8.000000
613.212512 8.000000
613.225012 8.000000
613.237512 8.000000
613.250012 8.000000
613.262512 8.000000
613.275012 8.000000
613.287512 8.000000
613.299988 8.000000
613.312488 8.000000
613.324988 8.000000
613.337488 8.000000
613.349988 8.000000
613.362488 8.000000
613.374988 8.000000
613.387488 8.000000
613.400024 8.000000
613.412524 8.000000
613.425024 8.000000
613.437524 8.000000
613.450024 8.000000
613.462524 8.000000
613.475024 8.000000
613.487524 8.000000
613.500000 8.000000
613.512500 8.000000
613.525000 8.000000
613.537500 8.000000
613.550000 8.000000
613.562500 8.000000
613.575000 8.000000
613.587500 8.000000
613.599976 8.000000
613.612476 8.000000
613.624976 8.000000
613.637476 8.000000
613.649976 8.000000
613.662476 8.000000
613.674976 8.000000
613.687476 8.000000
613.700012 8.000000
613.712512 8.000000
613.725012 8.000000
613.737512 8.000000
613.750012 8.000000
613.762512 8.000000
613.775012 8.000000
613.787512 8.000000
613.799988 8.000000
613.812488 8.000000
613.824988 8.000000
613.837488 8.000000
613.849988 8.000000
613.862488 8.000000
613.874988 8.000000
613.887488 8.000000
613.900024 8.000000
613.912524 8.000000
613.925024 8.000000
613.937524 8.000000
613.950024 8.000000
613.962524 8.000000
613.975024 8.000000
613.987524 8.000000
614.000000 8.000000
614.012500 8.000000
614.025000 8.000000
614.037500 8.000000
614.050000 8.000000
614.062500 8.000000
614.075000 8.000000
614.087500 8.000000
614.099976 8.000000
614.112476 8.000000
614.124976 8.000000
614.137476 8.000000
614.149976 8.000000
614.162476 8.000000
614.174976 8.000000
614.187476 8.000000
614.200012 8.000000
614.212512 8.000000
614.225012 8.000000
614.237512 8.000000
614.250012 8.000000
614.262512 8.000000
614.275012 8.000000
614.287512 8.000000
614.299988 8.000000
614.312488 8.000000
614.324988 8.000000
614.337488 8.000000
614.349988 8.000000
614.362488 8.000000
614.374988 8.000000
614.387488 8.000000
614.400024 8.000000
614.412524 9.000000
614.425024 9.000000
614.437524 9.000000
614.450024 9.000000
614.462524 9.000000
614.475024 9.000000
614.487524 9.000000
614.500000 9.000000
614.512500 9.000000
614.525000 9.000000
614.537500 9.000000
614.550000 9.000000
614.562500 9.000000
614.575000 9.000000
614.587500 9.000000
614.599976 9.000000
614.612476 9.000000
614.624976 9.000000
614.637476 8.000000
614.649976 8.000000
614.662476 8.000000
614.674976 8.000000
614.687476 8.000000
614.700012 8.000000
614.712512 8.000000
614.725012 8.000000
614.737512 8.000000
614.750012 8.000000
614.762512 8.000000
614.775012 8.000000
614.787512 8.000000
614.799988 8.000000
614.812488 8.000000
614.824988 8.000000
614.837488 8.000000
614.849988 8.000000
614.862488 8.000000
614.874988 8.000000
614.887488 8.000000
614.900024 8.000000
614.912524 8.000000
614.925024 8.000000
614.937524 8.000000
614.950024 8.000000
614.962524 8.000000
614.975024 8.000000
614.987524 8.000000
615.000000 8.000000
615.012500 8.000000
615.025000 8.000000
615.037500 8.000000
615.050000 8.000000
615.062500 8.000000
615.075000 8.000000
615.087500 8.000000
615.099976 8.000000
615.112476 8.000000
615.124976 8.000000
615.137476 8.000000
615.149976 8.000000
615.162476 8.000000
615.174976 8.000000
615.187476 8.000000
615.200012 8.000000
615.212512 8.000000
615.225012 9.000000
615.237512 10.000000
615.250012 12.000000
615.262512 15.000000
615.275012 21.000000
615.287512 27.000000
615.299988 36.000000
615.312488 43.000000
615.324988 52.000000
615.337488 60.000000
615.349988 68.000000
615.362488 75.000000
615.374988 79.000000
615.387488 81.000000
615.400024 84.000000
615.412524 82.000000
615.425024 84.000000
615.437524 84.000000
615.450024 83.000000
615.462524 81.000000
615.475024 81.000000
615.487524 77.000000
615.500000 71.000000
615.512500 65.000000
615.525000 57.000000
615.537500 50.000000
615.550000 42.000000
615.562500 34.000000
615.575000 27.000000
615.587500 20.000000
615.599976 15.000000
615.612476 13.000000
615.624976 11.000000
615.637476 10.000000
615.649976 9.000000
615.662476 9.000000
615.674976 9.000000
615.687476 8.000000
615.700012 8.000000
615.712512 8.000000
615.725012 8.000000
615.737512 8.000000
615.750012 8.000000
615.762512 8.000000
615.775012 8.000000
615.787512 8.000000
615.799988 8.000000
615.812488 8.000000
615.824988 8.000000
615.837488 8.000000
615.849988 8.000000
615.862488 9.000000
615.874988 9.000000
615.887488 11.000000
615.900024 14.000000
615.912524 21.000000
615.925024 29.000000
615.937524 42.000000
615.950024 59.000000
615.962524 74.000000
615.975024 89.000000
615.987524 109.000000
616.000000 123.000000
616.012500 135.000000
616.025000 146.000000
616.037500 152.000000
616.050000 155.000000
616.062500 158.000000
616.075000 159.000000
616.087500 157.000000
616.099976 157.000000
616.112476 153.000000
616.124976 149.000000
616.137476 145.000000
616.149976 133.000000
616.162476 120.000000
616.174976 108.000000
616.187476 95.000000
616.200012 79.000000
616.212512 65.000000
616.225012 50.000000
616.237512 36.000000
616.250012 25.000000
616.262512 18.000000
616.275012 14.000000
616.287512 11.000000
616.299988 10.000000
616.312488 9.000000
616.324988 9.000000
616.337488 9.000000
616.349988 8.000000
616.362488 8.000000
616.374988 8.000000
616.387488 8.000000
616.400024 8.000000
616.412524 8.000000
616.425024 8.000000
616.437524 8.000000
616.450024 8.000000
616.462524 8.000000
616.475024 8.000000
616.487524 9.000000
616.500000 8.000000
616.512500 8.000000
616.525000 8.000000
616.537500 8.000000
616.550000 8.000000
616.562500 8.000000
616.575000 8.000000
616.587500 8.000000
616.599976 8.000000
616.612476 8.000000
616.624976 8.000000
616.637476 8.000000
616.649976 8.000000
616.662476 8.000000
616.674976 8.000000
616.687476 8.000000
616.700012 8.000000
616.712512 8.000000
616.725012 8.000000
616.737512 8.000000
616.750012 8.000000
616.762512 8.000000
616.775012 8.000000
616.787512 8.000000
616.799988 8.000000
616.812488 8.000000
616.824988 8.000000
616.837488 8.000000
616.849988 8.000000
616.862488 8.000000
616.874988 8.000000
616.887488 8.000000
616.900024 8.000000
616.912524 8.000000
616.925024 8.000000
616.937524 8.000000
616.950024 9.000000
616.962524 9.000000
616.975024 9.000000
616.987524 9.000000
617.000000 9.000000
617.012500 9.000000
617.025000 8.000000
617.037500 9.000000
617.050000 9.000000
617.062500 8.000000
617.075000 9.000000
617.087500 8.000000
617.099976 8.000000
617.112476 9.000000
617.124976 8.000000
617.137476 8.000000
617.149976 8.000000
617.162476 8.000000
617.174976 8.000000
617.187476 9.000000
617.200012 9.000000
617.212512 9.000000
617.225012 9.000000
617.237512 9.000000
617.250012 9.000000
617.262512 9.000000
617.275012 9.000000
617.287512 9.000000
617.299988 9.000000
617.312488 9.000000
617.324988 9.000000
617.337488 9.000000
617.349988 9.000000
617.362488 9.000000
617.374988 9.000000
617.387488 9.000000
617.400024 9.000000
617.412524 9.000000
617.425024 9.000000
617.437524 8.000000
617.450024 8.000000
617.462524 8.000000
617.475024 8.000000
617.487524 8.000000
617.500000 7.000000
617.512500 8.000000
617.525000 8.000000
617.537500 8.000000
617.550000 8.000000
617.562500 8.000000
617.575000 8.000000
617.587500 8.000000
617.599976 7.000000
617.612476 8.000000
617.624976 7.000000
617.637476 8.000000
617.649976 8.000000
617.662476 8.000000
617.674976 8.000000
617.687476 8.000000
617.700012 8.000000
617.712512 8.000000
617.725012 8.000000
617.737512 8.000000
617.750012 8.000000
617.762512 8.000000
617.775012 7.000000
617.787512 8.000000
617.799988 8.000000
617.812488 8.000000
617.824988 8.000000
617.837488 8.000000
617.849988 8.000000
617.862488 8.000000
617.874988 8.000000
617.887488 8.000000
617.900024 8.000000
617.912524 8.000000
617.925024 8.000000
617.937524 7.000000
617.950024 8.000000
617.962524 8.000000
617.975024 8.000000
617.987524 8.000000
618.000000 7.000000
618.012500 8.000000
618.025000 8.000000
618.037500 8.000000
618.050000 8.000000
618.062500 8.000000
618.075000 8.000000
618.087500 8.000000
618.099976 7.000000
618.112476 8.000000
618.124976 7.000000
618.137476 7.000000
618.149976 8.000000
618.162476 8.000000
618.174976 8.000000
618.187476 7.000000
618.200012 7.000000
618.212512 7.000000
618.225012 7.000000
618.237512 7.000000
618.250012 8.000000
618.262512 8.000000
618.275012 8.000000
618.287512 7.000000
618.299988 8.000000
618.312488 8.000000
618.324988 8.000000
618.337488 8.000000
618.349988 7.000000
618.362488 8.000000
618.374988 7.000000
618.387488 8.000000
618.400024 8.000000
618.412524 8.000000
618.425024 8.000000
618.437524 8.000000
618.450024 8.000000
618.462524 7.000000
618.475024 8.000000
618.487524 8.000000
618.500000 8.000000
618.512500 7.000000
618.525000 8.000000
618.537500 7.000000
618.550000 8.000000
618.562500 8.000000
618.575000 8.000000
618.587500 7.000000
618.599976 8.000000
618.612476 7.000000
618.624976 8.000000
618.637476 8.000000
618.649976 8.000000
618.662476 8.000000
618.674976 8.000000
618.687476 7.000000
618.700012 7.000000
618.712512 8.000000
618.725012 8.000000
618.737512 8.000000
618.750012 8.000000
618.762512 8.000000
618.775012 8.000000
618.787512 8.000000
618.799988 8.000000
618.812488 8.000000
618.824988 7.000000
618.837488 8.000000
618.849988 8.000000
618.862488 8.000000
618.874988 8.000000
618.887488 8.000000
618.900024 7.000000
618.912524 8.000000
618.925024 8.000000
618.937524 7.000000
618.950024 8.000000
618.962524 8.000000
618.975024 8.000000
618.987524 8.000000
619.000000 8.000000
619.012500 7.000000
619.025000 8.000000
619.037500 8.000000
619.050000 7.000000
619.062500 7.000000
619.075000 8.000000
619.087500 7.000000
619.099976 8.000000
619.112476 8.000000
619.124976 7.000000
619.137476 8.000000
619.149976 7.000000
619.162476 7.000000
619.174976 8.000000
619.187476 8.000000
619.200012 8.000000
619.212512 7.000000
619.225012 7.000000
619.237512 8.000000
619.250012 7.000000
619.262512 8.000000
619.275012 8.000000
619.287512 8.000000
619.299988 8.000000
619.312488 8.000000
619.324988 7.000000
619.337488 8.000000
619.349988 8.000000
619.362488 7.000000
619.374988 8.000000
619.387488 7.000000
619.400024 8.000000
619.412524 7.000000
619.425024 8.000000
619.437524 8.000000
619.450024 7.000000
619.462524 8.000000
619.475024 8.000000
619.487524 8.000000
619.500000 8.000000
619.512500 8.000000
619.525000 7.000000
619.537500 8.000000
619.550000 7.000000
619.562500 7.000000
619.575000 8.000000
619.587500 8.000000
619.599976 7.000000
619.612476 8.000000
619.624976 7.000000
619.637476 8.000000
619.649976 7.000000
619.662476 8.000000
619.674976 8.000000
619.687476 8.000000
619.700012 7.000000
619.712512 8.000000
619.725012 8.000000
619.737512 7.000000
619.750012 8.000000
619.762512 8.000000
619.775012 8.000000
619.787512 7.000000
619.799988 8.000000
619.812488 8.000000
619.824988 8.000000
619.837488 7.000000
619.849988 7.000000
619.862488 8.000000
619.874988 8.000000
619.887488 7.000000
619.900024 8.000000
619.912524 8.000000
619.925024 7.000000
619.937524 8.000000
619.950024 7.000000
619.962524 7.000000
619.975024 8.000000
619.987524 7.000000
620.000000 8.000000
#620.012500 0.000000
#620.025000 0.000000
#620.037500 0.000000
#620.050000 0.000000
#620.062500 0.000000
#620.075000 0.000000
#620.087500 0.000000
#620.099976 0.000000
#620.112476 0.000000
#620.124976 0.000000
#620.137476 0.000000
#620.149976 0.000000
#620.162476 0.000000
#620.174976 0.000000
#620.187476 0.000000
#620.200012 0.000000
#620.212512 0.000000
#620.225012 0.000000
#620.237512 0.000000
#620.250012 0.000000
#620.262512 0.000000
#620.275012 0.000000
#620.287512 0.000000
#620.299988 0.000000
#620.312488 0.000000
#620.324988 0.000000
#620.337488 0.000000
#620.349988 0.000000
#620.362488 0.000000
#620.374988 0.000000
#620.387488 0.000000
#620.400024 0.000000
#620.412524 0.000000
