565.000000 18.000000
565.012500 17.000000
565.025000 18.000000
565.037500 17.000000
565.050000 16.000000
565.062500 17.000000
565.075000 16.000000
565.087500 16.000000
565.099976 16.000000
565.112476 15.000000
565.124976 15.000000
565.137476 15.000000
565.149976 14.000000
565.162476 12.000000
565.174976 12.000000
565.187476 12.000000
565.200012 11.000000
565.212512 11.000000
565.225012 11.000000
565.237512 11.000000
565.250012 10.000000
565.262512 11.000000
565.275012 10.000000
565.287512 10.000000
565.299988 11.000000
565.312488 10.000000
565.324988 11.000000
565.337488 10.000000
565.349988 10.000000
565.362488 10.000000
565.374988 11.000000
565.387488 10.000000
565.400024 10.000000
565.412524 10.000000
565.425024 10.000000
565.437524 11.000000
565.450024 11.000000
565.462524 10.000000
565.475024 10.000000
565.487524 11.000000
565.500000 10.000000
565.512500 11.000000
565.525000 11.000000
565.537500 11.000000
565.550000 10.000000
565.562500 11.000000
565.575000 10.000000
565.587500 11.000000
565.599976 11.000000
565.612476 10.000000
565.624976 11.000000
565.637476 10.000000
565.649976 10.000000
565.662476 10.000000
565.674976 10.000000
565.687476 11.000000
565.700012 11.000000
565.712512 10.000000
565.725012 11.000000
565.737512 11.000000
565.750012 11.000000
565.762512 11.000000
565.775012 11.000000
565.787512 11.000000
565.799988 11.000000
565.812488 11.000000
565.824988 12.000000
565.837488 11.000000
565.849988 12.000000
565.862488 11.000000
565.874988 11.000000
565.887488 12.000000
565.900024 12.000000
565.912524 11.000000
565.925024 11.000000
565.937524 11.000000
565.950024 11.000000
565.962524 11.000000
565.975024 12.000000
565.987524 11.000000
566.000000 11.000000
566.012500 11.000000
566.025000 11.000000
566.037500 11.000000
566.050000 11.000000
566.062500 10.000000
566.075000 11.000000
566.087500 10.000000
566.099976 10.000000
566.112476 10.000000
566.124976 10.000000
566.137476 11.000000
566.149976 10.000000
566.162476 11.000000
566.174976 10.000000
566.187476 11.000000
566.200012 10.000000
566.212512 11.000000
566.225012 11.000000
566.237512 11.000000
566.250012 11.000000
566.262512 11.000000
566.275012 11.000000
566.287512 10.000000
566.299988 11.000000
566.312488 10.000000
566.324988 11.000000
566.337488 11.000000
566.349988 11.000000
566.362488 11.000000
566.374988 11.000000
566.387488 11.000000
566.400024 11.000000
566.412524 10.000000
566.425024 11.000000
566.437524 11.000000
566.450024 11.000000
566.462524 11.000000
566.475024 11.000000
566.487524 11.000000
566.500000 10.000000
566.512500 11.000000
566.525000 11.000000
566.537500 11.000000
566.550000 11.000000
566.562500 10.000000
566.575000 11.000000
566.587500 10.000000
566.599976 11.000000
566.612476 11.000000
566.624976 11.000000
566.637476 11.000000
566.649976 10.000000
566.662476 11.000000
566.674976 11.000000
566.687476 12.000000
566.700012 11.000000
566.712512 11.000000
566.725012 11.000000
566.737512 11.000000
566.750012 11.000000
566.762512 11.000000
566.775012 11.000000
566.787512 11.000000
566.799988 11.000000
566.812488 11.000000
566.824988 11.000000
566.837488 11.000000
566.849988 11.000000
566.862488 11.000000
566.874988 10.000000
566.887488 11.000000
566.900024 10.000000
566.912524 11.000000
566.925024 11.000000
566.937524 11.000000
566.950024 11.000000
566.962524 11.000000
566.975024 11.000000
566.987524 11.000000
567.000000 11.000000
567.012500 11.000000
567.025000 11.000000
567.037500 11.000000
567.050000 10.000000
567.062500 11.000000
567.075000 11.000000
567.087500 11.000000
567.099976 11.000000
567.112476 11.000000
567.124976 11.000000
567.137476 11.000000
567.149976 11.000000
567.162476 11.000000
567.174976 11.000000
567.187476 11.000000
567.200012 11.000000
567.212512 11.000000
567.225012 11.000000
567.237512 11.000000
567.250012 11.000000
567.262512 11.000000
567.275012 11.000000
567.287512 11.000000
567.299988 11.000000
567.312488 11.000000
567.324988 11.000000
567.337488 11.000000
567.349988 11.000000
567.362488 11.000000
567.374988 11.000000
567.387488 11.000000
567.400024 11.000000
567.412524 11.000000
567.425024 11.000000
567.437524 11.000000
567.450024 12.000000
567.462524 11.000000
567.475024 11.000000
567.487524 11.000000
567.500000 11.000000
567.512500 11.000000
567.525000 11.000000
567.537500 11.000000
567.550000 11.000000
567.562500 11.000000
567.575000 11.000000
567.587500 11.000000
567.599976 11.000000
567.612476 12.000000
567.624976 12.000000
567.637476 12.000000
567.649976 11.000000
567.662476 12.000000
567.674976 11.000000
567.687476 11.000000
567.700012 11.000000
567.712512 11.000000
567.725012 11.000000
567.737512 11.000000
567.750012 11.000000
567.762512 12.000000
567.775012 12.000000
567.787512 12.000000
567.799988 11.000000
567.812488 12.000000
567.824988 12.000000
567.837488 12.000000
567.849988 12.000000
567.862488 12.000000
567.874988 12.000000
567.887488 12.000000
567.900024 12.000000
567.912524 12.000000
567.925024 12.000000
567.937524 13.000000
567.950024 12.000000
567.962524 13.000000
567.975024 13.000000
567.987524 13.000000
568.000000 13.000000
568.012500 16.000000
568.025000 17.000000
568.037500 23.000000
568.050000 35.000000
568.062500 56.000000
568.075000 98.000000
568.087500 162.000000
568.099976 250.000000
568.112476 352.000000
568.124976 461.000000
568.137476 590.000000
568.149976 719.000000
568.162476 838.000000
568.174976 948.000000
568.187476 1029.000000
568.200012 1103.000000
568.212512 1147.000000
568.225012 1156.000000
568.237512 1161.000000
568.250012 1177.000000
568.262512 1171.000000
568.275012 1123.000000
568.287512 1137.000000
568.299988 1099.000000
568.312488 1024.000000
568.324988 1000.000000
568.337488 907.000000
568.349988 782.000000
568.362488 671.000000
568.374988 583.000000
568.387488 419.000000
568.400024 362.000000
568.412524 261.000000
568.425024 190.000000
568.437524 592.000000
568.450024 77.000000
568.462524 54.000000
568.475024 37.000000
568.487524 28.000000
568.500000 25.000000
568.512500 20.000000
568.525000 19.000000
568.537500 18.000000
568.550000 18.000000
568.562500 19.000000
568.575000 21.000000
568.587500 22.000000
568.599976 25.000000
568.612476 35.000000
568.624976 51.000000
568.637476 99.000000
568.649976 173.000000
568.662476 278.000000
568.674976 424.000000
568.687476 613.000000
568.700012 800.000000
568.712512 1064.000000
568.725012 1302.000000
568.737512 1549.000000
568.750012 1758.000000
568.762512 1951.000000
568.775012 2072.000000
568.787512 2204.000000
568.799988 2254.000000
568.812488 2287.000000
568.824988 2282.000000
568.837488 2294.000000
568.849988 2283.000000
568.862488 2259.000000
568.874988 2198.000000
568.887488 2122.000000
568.900024 2022.000000
568.912524 1894.000000
568.925024 1759.000000
568.937524 1478.000000
568.950024 1319.000000
568.962524 1070.000000
568.975024 846.000000
568.987524 653.000000
569.000000 475.000000
569.012500 311.000000
569.025000 214.000000
569.037500 129.000000
569.050000 83.000000
569.062500 58.000000
569.075000 42.000000
569.087500 32.000000
569.099976 28.000000
569.112476 24.000000
569.124976 21.000000
569.137476 20.000000
569.149976 20.000000
569.162476 19.000000
569.174976 17.000000
569.187476 17.000000
569.200012 17.000000
569.212512 17.000000
569.225012 16.000000
569.237512 15.000000
569.250012 16.000000
569.262512 15.000000
569.275012 15.000000
569.287512 15.000000
569.299988 15.000000
569.312488 14.000000
569.324988 14.000000
569.337488 14.000000
569.349988 14.000000
569.362488 13.000000
569.374988 14.000000
569.387488 14.000000
569.400024 14.000000
569.412524 13.000000
569.425024 13.000000
569.437524 13.000000
569.450024 13.000000
569.462524 12.000000
569.475024 13.000000
569.487524 13.000000
569.500000 12.000000
569.512500 13.000000
569.525000 13.000000
569.537500 12.000000
569.550000 13.000000
569.562500 12.000000
569.575000 12.000000
569.587500 12.000000
569.599976 12.000000
569.612476 12.000000
569.624976 12.000000
569.637476 12.000000
569.649976 12.000000
569.662476 12.000000
569.674976 12.000000
569.687476 12.000000
569.700012 12.000000
569.712512 12.000000
569.725012 12.000000
569.737512 12.000000
569.750012 11.000000
569.762512 12.000000
569.775012 12.000000
569.787512 12.000000
569.799988 12.000000
569.812488 12.000000
569.824988 12.000000
569.837488 13.000000
569.849988 12.000000
569.862488 11.000000
569.874988 12.000000
569.887488 12.000000
569.900024 12.000000
569.912524 12.000000
569.925024 12.000000
569.937524 12.000000
569.950024 12.000000
569.962524 12.000000
569.975024 12.000000
569.987524 12.000000
570.000000 12.000000
570.012500 12.000000
570.025000 12.000000
570.037500 12.000000
570.050000 12.000000
570.062500 12.000000
570.075000 12.000000
570.087500 12.000000
570.099976 12.000000
570.112476 12.000000
570.124976 12.000000
570.137476 13.000000
570.149976 12.000000
570.162476 12.000000
570.174976 12.000000
570.187476 12.000000
570.200012 12.000000
570.212512 12.000000
570.225012 12.000000
570.237512 12.000000
570.250012 12.000000
570.262512 12.000000
570.275012 12.000000
570.287512 12.000000
570.299988 12.000000
570.312488 12.000000
570.324988 12.000000
570.337488 12.000000
570.349988 12.000000
570.362488 12.000000
570.374988 11.000000
570.387488 12.000000
570.400024 11.000000
570.412524 11.000000
570.425024 12.000000
570.437524 12.000000
570.450024 11.000000
570.462524 12.000000
570.475024 11.000000
570.487524 12.000000
570.500000 12.000000
570.512500 12.000000
570.525000 12.000000
570.537500 12.000000
570.550000 11.000000
570.562500 11.000000
570.575000 11.000000
570.587500 12.000000
570.599976 12.000000
570.612476 12.000000
570.624976 12.000000
570.637476 11.000000
570.649976 12.000000
570.662476 12.000000
570.674976 12.000000
570.687476 12.000000
570.700012 12.000000
570.712512 11.000000
570.725012 12.000000
570.737512 12.000000
570.750012 12.000000
570.762512 12.000000
570.775012 11.000000
570.787512 12.000000
570.799988 12.000000
570.812488 12.000000
570.824988 12.000000
570.837488 12.000000
570.849988 12.000000
570.862488 11.000000
570.874988 12.000000
570.887488 11.000000
570.900024 12.000000
570.912524 12.000000
570.925024 12.000000
570.937524 12.000000
570.950024 12.000000
570.962524 11.000000
570.975024 12.000000
570.987524 12.000000
571.000000 12.000000
571.012500 11.000000
571.025000 11.000000
571.037500 12.000000
571.050000 12.000000
571.062500 11.000000
571.075000 12.000000
571.087500 11.000000
571.099976 12.000000
571.112476 12.000000
571.124976 12.000000
571.137476 12.000000
571.149976 12.000000
571.162476 11.000000
571.174976 11.000000
571.187476 12.000000
571.200012 12.000000
571.212512 12.000000
571.225012 12.000000
571.237512 12.000000
571.250012 12.000000
571.262512 12.000000
571.275012 12.000000
571.287512 12.000000
571.299988 12.000000
571.312488 12.000000
571.324988 12.000000
571.337488 12.000000
571.349988 12.000000
571.362488 12.000000
571.374988 12.000000
571.387488 12.000000
571.400024 12.000000
571.412524 12.000000
571.425024 12.000000
571.437524 12.000000
571.450024 12.000000
571.462524 12.000000
571.475024 12.000000
571.487524 11.000000
571.500000 12.000000
571.512500 12.000000
571.525000 11.000000
571.537500 12.000000
571.550000 12.000000
571.562500 12.000000
571.575000 12.000000
571.587500 11.000000
571.599976 12.000000
571.612476 12.000000
571.624976 12.000000
571.637476 12.000000
571.649976 12.000000
571.662476 12.000000
571.674976 12.000000
571.687476 12.000000
571.700012 12.000000
571.712512 12.000000
571.725012 11.000000
571.737512 11.000000
571.750012 11.000000
571.762512 12.000000
571.775012 12.000000
571.787512 12.000000
571.799988 12.000000
571.812488 11.000000
571.824988 12.000000
571.837488 12.000000
571.849988 12.000000
571.862488 12.000000
571.874988 12.000000
571.887488 12.000000
571.900024 11.000000
571.912524 12.000000
571.925024 12.000000
571.937524 12.000000
571.950024 11.000000
571.962524 12.000000
571.975024 12.000000
571.987524 11.000000
572.000000 12.000000
572.012500 12.000000
572.025000 12.000000
572.037500 12.000000
572.050000 12.000000
572.062500 12.000000
572.075000 11.000000
572.087500 12.000000
572.099976 12.000000
572.112476 12.000000
572.124976 12.000000
572.137476 11.000000
572.149976 12.000000
572.162476 12.000000
572.174976 12.000000
572.187476 11.000000
572.200012 13.000000
572.212512 11.000000
572.225012 12.000000
572.237512 12.000000
572.250012 12.000000
572.262512 12.000000
572.275012 11.000000
572.287512 12.000000
572.299988 13.000000
572.312488 12.000000
572.324988 12.000000
572.337488 12.000000
572.349988 12.000000
572.362488 12.000000
572.374988 12.000000
572.387488 11.000000
572.400024 12.000000
572.412524 12.000000
572.425024 12.000000
572.437524 12.000000
572.450024 12.000000
572.462524 12.000000
572.475024 12.000000
572.487524 12.000000
572.500000 12.000000
572.512500 13.000000
572.525000 12.000000
572.537500 11.000000
572.550000 12.000000
572.562500 12.000000
572.575000 12.000000
572.587500 12.000000
572.599976 12.000000
572.612476 12.000000
572.624976 12.000000
572.637476 11.000000
572.649976 12.000000
572.662476 12.000000
572.674976 11.000000
572.687476 12.000000
572.700012 12.000000
572.712512 12.000000
572.725012 12.000000
572.737512 12.000000
572.750012 12.000000
572.762512 12.000000
572.775012 13.000000
572.787512 12.000000
572.799988 12.000000
572.812488 12.000000
572.824988 12.000000
572.837488 12.000000
572.849988 12.000000
572.862488 12.000000
572.874988 12.000000
572.887488 12.000000
572.900024 12.000000
572.912524 13.000000
572.925024 12.000000
572.937524 12.000000
572.950024 12.000000
572.962524 12.000000
572.975024 12.000000
572.987524 13.000000
573.000000 13.000000
573.012500 12.000000
573.025000 12.000000
573.037500 12.000000
573.050000 12.000000
573.062500 12.000000
573.075000 12.000000
573.087500 13.000000
573.099976 12.000000
573.112476 12.000000
573.124976 12.000000
573.137476 12.000000
573.149976 13.000000
573.162476 12.000000
573.174976 12.000000
573.187476 12.000000
573.200012 13.000000
573.212512 13.000000
573.225012 13.000000
573.237512 13.000000
573.250012 12.000000
573.262512 13.000000
573.275012 13.000000
573.287512 12.000000
573.299988 13.000000
573.312488 13.000000
573.324988 12.000000
573.337488 13.000000
573.349988 12.000000
573.362488 13.000000
573.374988 12.000000
573.387488 12.000000
573.400024 12.000000
573.412524 12.000000
573.425024 13.000000
573.437524 12.000000
573.450024 13.000000
573.462524 12.000000
573.475024 13.000000
573.487524 12.000000
573.500000 13.000000
573.512500 12.000000
573.525000 12.000000
573.537500 12.000000
573.550000 12.000000
573.562500 13.000000
573.575000 12.000000
573.587500 13.000000
573.599976 13.000000
573.612476 12.000000
573.624976 13.000000
573.637476 12.000000
573.649976 13.000000
573.662476 13.000000
573.674976 13.000000
573.687476 13.000000
573.700012 13.000000
573.712512 13.000000
573.725012 14.000000
573.737512 14.000000
573.750012 15.000000
573.762512 14.000000
573.775012 15.000000
573.787512 15.000000
573.799988 16.000000
573.812488 16.000000
573.824988 16.000000
573.837488 17.000000
573.849988 17.000000
573.862488 17.000000
573.874988 16.000000
573.887488 17.000000
573.900024 17.000000
573.912524 17.000000
573.925024 16.000000
573.937524 17.000000
573.950024 15.000000
573.962524 16.000000
573.975024 16.000000
573.987524 16.000000
574.000000 15.000000
574.012500 14.000000
574.025000 15.000000
574.037500 14.000000
574.050000 14.000000
574.062500 14.000000
574.075000 14.000000
574.087500 14.000000
574.099976 13.000000
574.112476 13.000000
574.124976 13.000000
574.137476 12.000000
574.149976 13.000000
574.162476 13.000000
574.174976 12.000000
574.187476 13.000000
574.200012 13.000000
574.212512 13.000000
574.225012 13.000000
574.237512 13.000000
574.250012 13.000000
574.262512 12.000000
574.275012 13.000000
574.287512 13.000000
574.299988 14.000000
574.312488 12.000000
574.324988 13.000000
574.337488 13.000000
574.349988 12.000000
574.362488 13.000000
574.374988 13.000000
574.387488 13.000000
574.400024 13.000000
574.412524 13.000000
574.425024 13.000000
574.437524 13.000000
574.450024 12.000000
574.462524 13.000000
574.475024 13.000000
574.487524 12.000000
574.500000 13.000000
574.512500 13.000000
574.525000 13.000000
574.537500 13.000000
574.550000 14.000000
574.562500 12.000000
574.575000 13.000000
574.587500 14.000000
574.599976 13.000000
574.612476 14.000000
574.624976 13.000000
574.637476 13.000000
574.649976 13.000000
574.662476 13.000000
574.674976 12.000000
574.687476 13.000000
574.700012 14.000000
574.712512 13.000000
574.725012 13.000000
574.737512 14.000000
574.750012 13.000000
574.762512 13.000000
574.775012 13.000000
574.787512 13.000000
574.799988 13.000000
574.812488 13.000000
574.824988 13.000000
574.837488 13.000000
574.849988 13.000000
574.862488 13.000000
574.874988 13.000000
574.887488 14.000000
574.900024 13.000000
574.912524 12.000000
574.925024 13.000000
574.937524 14.000000
574.950024 13.000000
574.962524 13.000000
574.975024 13.000000
574.987524 13.000000
575.000000 13.000000
575.012500 0.000000
575.025000 0.000000
575.037500 0.000000
575.050000 0.000000
575.062500 0.000000
575.075000 0.000000
575.087500 0.000000
575.099976 0.000000
575.112476 0.000000
575.124976 0.000000
575.137476 0.000000
575.149976 0.000000
575.162476 0.000000
575.174976 0.000000
575.187476 0.000000
575.200012 0.000000
575.212512 0.000000
575.225012 0.000000
575.237512 0.000000
575.250012 0.000000
575.262512 0.000000
575.275012 0.000000
575.287512 0.000000
575.299988 0.000000
575.312488 0.000000
575.324988 0.000000
575.337488 0.000000
575.349988 0.000000
575.362488 0.000000
575.374988 0.000000
575.387488 0.000000
575.400024 0.000000
575.412524 0.000000
