495.000000 12.000000
495.012500 13.000000
495.025000 12.000000
495.037500 13.000000
495.050000 12.000000
495.062500 12.000000
495.075000 13.000000
495.087500 11.000000
495.100006 12.000000
495.112506 13.000000
495.125006 12.000000
495.137506 12.000000
495.150006 13.000000
495.162506 13.000000
495.175006 12.000000
495.187506 12.000000
495.200012 13.000000
495.212512 12.000000
495.225012 12.000000
495.237512 12.000000
495.250012 12.000000
495.262512 13.000000
495.275012 12.000000
495.287512 13.000000
495.299988 12.000000
495.312488 13.000000
495.324988 12.000000
495.337488 12.000000
495.349988 12.000000
495.362488 13.000000
495.374988 13.000000
495.387488 13.000000
495.399994 12.000000
495.412494 12.000000
495.424994 14.000000
495.437494 12.000000
495.449994 13.000000
495.462494 14.000000
495.474994 14.000000
495.487494 14.000000
495.500000 14.000000
495.512500 14.000000
495.525000 16.000000
495.537500 15.000000
495.550000 15.000000
495.562500 16.000000
495.575000 15.000000
495.587500 15.000000
495.600006 15.000000
495.612506 16.000000
495.625006 15.000000
495.637506 17.000000
495.650006 16.000000
495.662506 15.000000
495.675006 15.000000
495.687506 14.000000
495.700012 14.000000
495.712512 14.000000
495.725012 14.000000
495.737512 13.000000
495.750012 14.000000
495.762512 13.000000
495.775012 12.000000
495.787512 12.000000
495.799988 13.000000
495.812488 12.000000
495.824988 13.000000
495.837488 12.000000
495.849988 12.000000
495.862488 12.000000
495.874988 12.000000
495.887488 12.000000
495.899994 13.000000
495.912494 12.000000
495.924994 12.000000
495.937494 12.000000
495.949994 11.000000
495.962494 13.000000
495.974994 12.000000
495.987494 12.000000
496.000000 12.000000
496.012500 12.000000
496.025000 13.000000
496.037500 12.000000
496.050000 11.000000
496.062500 12.000000
496.075000 11.000000
496.087500 12.000000
496.100006 12.000000
496.112506 12.000000
496.125006 12.000000
496.137506 11.000000
496.150006 12.000000
496.162506 12.000000
496.175006 11.000000
496.187506 12.000000
496.200012 12.000000
496.212512 12.000000
496.225012 12.000000
496.237512 13.000000
496.250012 12.000000
496.262512 12.000000
496.275012 12.000000
496.287512 13.000000
496.299988 12.000000
496.312488 12.000000
496.324988 13.000000
496.337488 11.000000
496.349988 12.000000
496.362488 12.000000
496.374988 12.000000
496.387488 12.000000
496.399994 13.000000
496.412494 12.000000
496.424994 12.000000
496.437494 12.000000
496.449994 12.000000
496.462494 13.000000
496.474994 12.000000
496.487494 11.000000
496.500000 11.000000
496.512500 12.000000
496.525000 12.000000
496.537500 13.000000
496.550000 12.000000
496.562500 12.000000
496.575000 12.000000
496.587500 12.000000
496.600006 12.000000
496.612506 12.000000
496.625006 12.000000
496.637506 12.000000
496.650006 12.000000
496.662506 12.000000
496.675006 12.000000
496.687506 12.000000
496.700012 13.000000
496.712512 12.000000
496.725012 12.000000
496.737512 12.000000
496.750012 12.000000
496.762512 12.000000
496.775012 12.000000
496.787512 12.000000
496.799988 12.000000
496.812488 12.000000
496.824988 13.000000
496.837488 12.000000
496.849988 11.000000
496.862488 12.000000
496.874988 12.000000
496.887488 12.000000
496.899994 12.000000
496.912494 12.000000
496.924994 12.000000
496.937494 12.000000
496.949994 12.000000
496.962494 12.000000
496.974994 12.000000
496.987494 12.000000
497.000000 12.000000
497.012500 12.000000
497.025000 11.000000
497.037500 12.000000
497.050000 12.000000
497.062500 12.000000
497.075000 12.000000
497.087500 12.000000
497.100006 12.000000
497.112506 12.000000
497.125006 12.000000
497.137506 12.000000
497.150006 12.000000
497.162506 12.000000
497.175006 12.000000
497.187506 12.000000
497.200012 12.000000
497.212512 12.000000
497.225012 12.000000
497.237512 13.000000
497.250012 12.000000
497.262512 13.000000
497.275012 12.000000
497.287512 12.000000
497.299988 12.000000
497.312488 12.000000
497.324988 12.000000
497.337488 12.000000
497.349988 13.000000
497.362488 13.000000
497.374988 12.000000
497.387488 13.000000
497.399994 13.000000
497.412494 13.000000
497.424994 13.000000
497.437494 12.000000
497.449994 13.000000
497.462494 13.000000
497.474994 13.000000
497.487494 13.000000
497.500000 13.000000
497.512500 13.000000
497.525000 13.000000
497.537500 13.000000
497.550000 13.000000
497.562500 13.000000
497.575000 14.000000
497.587500 17.000000
497.600006 23.000000
497.612506 31.000000
497.625006 43.000000
497.637506 62.000000
497.650006 80.000000
497.662506 111.000000
497.675006 133.000000
497.687506 157.000000
497.700012 194.000000
497.712512 214.000000
497.725012 231.000000
497.737512 248.000000
497.750012 253.000000
497.762512 260.000000
497.775012 263.000000
497.787512 264.000000
497.799988 266.000000
497.812488 261.000000
497.824988 253.000000
497.837488 254.000000
497.849988 250.000000
497.862488 234.000000
497.874988 223.000000
497.887488 204.000000
497.899994 176.000000
497.912494 155.000000
497.924994 128.000000
497.937494 102.000000
497.949994 80.000000
497.962494 60.000000
497.974994 43.000000
497.987494 34.000000
498.000000 26.000000
498.012500 24.000000
498.025000 27.000000
498.037500 33.000000
498.050000 50.000000
498.062500 73.000000
498.075000 107.000000
498.087500 149.000000
498.100006 200.000000
498.112506 243.000000
498.125006 298.000000
498.137506 354.000000
498.150006 395.000000
498.162506 431.000000
498.175006 471.000000
498.187506 486.000000
498.200012 501.000000
498.212512 508.000000
498.225012 515.000000
498.237512 509.000000
498.250012 510.000000
498.262512 506.000000
498.275012 493.000000
498.287512 481.000000
498.299988 459.000000
498.312488 427.000000
498.324988 393.000000
498.337488 350.000000
498.349988 296.000000
498.362488 245.000000
498.374988 202.000000
498.387488 150.000000
498.399994 106.000000
498.412494 78.000000
498.424994 56.000000
498.437494 513.000000
498.449994 28.000000
498.462494 23.000000
498.474994 21.000000
498.487494 18.000000
498.500000 16.000000
498.512500 15.000000
498.525000 15.000000
498.537500 15.000000
498.550000 14.000000
498.562500 14.000000
498.575000 14.000000
498.587500 13.000000
498.600006 14.000000
498.612506 13.000000
498.625006 13.000000
498.637506 13.000000
498.650006 13.000000
498.662506 13.000000
498.675006 13.000000
498.687506 13.000000
498.700012 13.000000
498.712512 13.000000
498.725012 12.000000
498.737512 13.000000
498.750012 13.000000
498.762512 13.000000
498.775012 13.000000
498.787512 13.000000
498.799988 12.000000
498.812488 12.000000
498.824988 13.000000
498.837488 13.000000
498.849988 13.000000
498.862488 13.000000
498.874988 13.000000
498.887488 14.000000
498.899994 13.000000
498.912494 14.000000
498.924994 13.000000
498.937494 14.000000
498.949994 14.000000
498.962494 14.000000
498.974994 13.000000
498.987494 14.000000
499.000000 13.000000
499.012500 14.000000
499.025000 14.000000
499.037500 12.000000
499.050000 13.000000
499.062500 14.000000
499.075000 13.000000
499.087500 13.000000
499.100006 13.000000
499.112506 13.000000
499.125006 13.000000
499.137506 12.000000
499.150006 12.000000
499.162506 13.000000
499.175006 13.000000
499.187506 12.000000
499.200012 12.000000
499.212512 11.000000
499.225012 12.000000
499.237512 13.000000
499.250012 12.000000
499.262512 12.000000
499.275012 12.000000
499.287512 12.000000
499.299988 12.000000
499.312488 13.000000
499.324988 12.000000
499.337488 12.000000
499.349988 12.000000
499.362488 12.000000
499.374988 12.000000
499.387488 11.000000
499.399994 11.000000
499.412494 12.000000
499.424994 12.000000
499.437494 11.000000
499.449994 12.000000
499.462494 12.000000
499.474994 12.000000
499.487494 12.000000
499.500000 13.000000
499.512500 12.000000
499.525000 12.000000
499.537500 12.000000
499.550000 12.000000
499.562500 11.000000
499.575000 12.000000
499.587500 12.000000
499.600006 12.000000
499.612506 12.000000
499.625006 12.000000
499.637506 12.000000
499.650006 12.000000
499.662506 12.000000
499.675006 12.000000
499.687506 13.000000
499.700012 12.000000
499.712512 11.000000
499.725012 12.000000
499.737512 12.000000
499.750012 12.000000
499.762512 12.000000
499.775012 11.000000
499.787512 12.000000
499.799988 12.000000
499.812488 12.000000
499.824988 13.000000
499.837488 12.000000
499.849988 11.000000
499.862488 12.000000
499.874988 12.000000
499.887488 12.000000
499.899994 11.000000
499.912494 12.000000
499.924994 11.000000
499.937494 12.000000
499.949994 11.000000
499.962494 12.000000
499.974994 12.000000
499.987494 12.000000
500.000000 12.000000
500.012500 12.000000
500.025000 12.000000
500.037500 12.000000
500.050000 12.000000
500.062500 12.000000
500.075000 12.000000
500.087500 11.000000
500.100006 12.000000
500.112506 12.000000
500.125006 12.000000
500.137506 12.000000
500.150006 12.000000
500.162506 12.000000
500.175006 12.000000
500.187506 11.000000
500.200012 13.000000
500.212512 12.000000
500.225012 11.000000
500.237512 12.000000
500.250012 12.000000
500.262512 12.000000
500.275012 12.000000
500.287512 12.000000
500.299988 13.000000
500.312488 12.000000
500.324988 12.000000
500.337488 12.000000
500.349988 12.000000
500.362488 12.000000
500.374988 12.000000
500.387488 12.000000
500.399994 12.000000
500.412494 13.000000
500.424994 13.000000
500.437494 13.000000
500.449994 12.000000
500.462494 13.000000
500.474994 12.000000
500.487494 12.000000
500.500000 12.000000
500.512500 13.000000
500.525000 12.000000
500.537500 13.000000
500.550000 12.000000
500.562500 12.000000
500.575000 13.000000
500.587500 13.000000
500.600006 12.000000
500.612506 12.000000
500.625006 12.000000
500.637506 12.000000
500.650006 12.000000
500.662506 12.000000
500.675006 12.000000
500.687506 12.000000
500.700012 12.000000
500.712512 12.000000
500.725012 12.000000
500.737512 12.000000
500.750012 12.000000
500.762512 11.000000
500.775012 12.000000
500.787512 12.000000
500.799988 12.000000
500.812488 12.000000
500.824988 12.000000
500.837488 12.000000
500.849988 12.000000
500.862488 12.000000
500.874988 12.000000
500.887488 12.000000
500.899994 13.000000
500.912494 12.000000
500.924994 12.000000
500.937494 13.000000
500.949994 13.000000
500.962494 11.000000
500.974994 12.000000
500.987494 12.000000
501.000000 12.000000
501.012500 12.000000
501.025000 12.000000
501.037500 12.000000
501.050000 12.000000
501.062500 12.000000
501.075000 12.000000
501.087500 12.000000
501.100006 12.000000
501.112506 12.000000
501.125006 12.000000
501.137506 12.000000
501.150006 12.000000
501.162506 12.000000
501.175006 13.000000
501.187506 11.000000
501.200012 12.000000
501.212512 12.000000
501.225012 12.000000
501.237512 12.000000
501.250012 12.000000
501.262512 12.000000
501.275012 13.000000
501.287512 12.000000
501.299988 12.000000
501.312488 13.000000
501.324988 12.000000
501.337488 13.000000
501.349988 13.000000
501.362488 12.000000
501.374988 12.000000
501.387488 12.000000
501.399994 12.000000
501.412494 12.000000
501.424994 12.000000
501.437494 12.000000
501.449994 12.000000
501.462494 12.000000
501.474994 12.000000
501.487494 12.000000
501.500000 13.000000
501.512500 13.000000
501.525000 12.000000
501.537500 12.000000
501.550000 12.000000
501.562500 12.000000
501.575000 12.000000
501.587500 13.000000
501.600006 12.000000
501.612506 12.000000
501.625006 12.000000
501.637506 12.000000
501.650006 13.000000
501.662506 12.000000
501.675006 12.000000
501.687506 12.000000
501.700012 11.000000
501.712512 12.000000
501.725012 12.000000
501.737512 12.000000
501.750012 13.000000
501.762512 12.000000
501.775012 12.000000
501.787512 12.000000
501.799988 12.000000
501.812488 12.000000
501.824988 11.000000
501.837488 12.000000
501.849988 12.000000
501.862488 12.000000
501.874988 13.000000
501.887488 12.000000
501.899994 11.000000
501.912494 12.000000
501.924994 12.000000
501.937494 12.000000
501.949994 13.000000
501.962494 12.000000
501.974994 12.000000
501.987494 12.000000
502.000000 12.000000
502.012500 12.000000
502.025000 12.000000
502.037500 12.000000
502.050000 12.000000
502.062500 12.000000
502.075000 12.000000
502.087500 12.000000
502.100006 12.000000
502.112506 11.000000
502.125006 12.000000
502.137506 13.000000
502.150006 12.000000
502.162506 12.000000
502.175006 12.000000
502.187506 12.000000
502.200012 12.000000
502.212512 12.000000
502.225012 12.000000
502.237512 12.000000
502.250012 12.000000
502.262512 12.000000
502.275012 12.000000
502.287512 12.000000
502.299988 12.000000
502.312488 12.000000
502.324988 12.000000
502.337488 12.000000
502.349988 12.000000
502.362488 12.000000
502.374988 11.000000
502.387488 11.000000
502.399994 12.000000
502.412494 12.000000
502.424994 12.000000
502.437494 12.000000
502.449994 11.000000
502.462494 12.000000
502.474994 12.000000
502.487494 12.000000
502.500000 11.000000
502.512500 12.000000
502.525000 12.000000
502.537500 12.000000
502.550000 12.000000
502.562500 12.000000
502.575000 12.000000
502.587500 12.000000
502.600006 12.000000
502.612506 12.000000
502.625006 12.000000
502.637506 12.000000
502.650006 11.000000
502.662506 12.000000
502.675006 12.000000
502.687506 12.000000
502.700012 11.000000
502.712512 12.000000
502.725012 12.000000
502.737512 12.000000
502.750012 12.000000
502.762512 12.000000
502.775012 12.000000
502.787512 12.000000
502.799988 12.000000
502.812488 12.000000
502.824988 12.000000
502.837488 12.000000
502.849988 12.000000
502.862488 12.000000
502.874988 12.000000
502.887488 11.000000
502.899994 12.000000
502.912494 13.000000
502.924994 12.000000
502.937494 12.000000
502.949994 12.000000
502.962494 12.000000
502.974994 12.000000
502.987494 12.000000
503.000000 13.000000
503.012500 12.000000
503.025000 12.000000
503.037500 11.000000
503.050000 13.000000
503.062500 13.000000
503.075000 13.000000
503.087500 13.000000
503.100006 13.000000
503.112506 12.000000
503.125006 13.000000
503.137506 13.000000
503.150006 13.000000
503.162506 13.000000
503.175006 12.000000
503.187506 13.000000
503.200012 13.000000
503.212512 13.000000
503.225012 13.000000
503.237512 13.000000
503.250012 13.000000
503.262512 12.000000
503.275012 13.000000
503.287512 12.000000
503.299988 12.000000
503.312488 12.000000
503.324988 13.000000
503.337488 13.000000
503.349988 13.000000
503.362488 13.000000
503.374988 13.000000
503.387488 13.000000
503.399994 13.000000
503.412494 12.000000
503.424994 14.000000
503.437494 12.000000
503.449994 12.000000
503.462494 13.000000
503.474994 13.000000
503.487494 13.000000
503.500000 12.000000
503.512500 12.000000
503.525000 13.000000
503.537500 13.000000
503.550000 13.000000
503.562500 12.000000
503.575000 13.000000
503.587500 12.000000
503.600006 12.000000
503.612506 12.000000
503.625006 12.000000
503.637506 11.000000
503.650006 12.000000
503.662506 12.000000
503.675006 12.000000
503.687506 13.000000
503.700012 12.000000
503.712512 12.000000
503.725012 12.000000
503.737512 11.000000
503.750012 12.000000
503.762512 11.000000
503.775012 12.000000
503.787512 11.000000
503.799988 12.000000
503.812488 12.000000
503.824988 11.000000
503.837488 13.000000
503.849988 12.000000
503.862488 12.000000
503.874988 12.000000
503.887488 12.000000
503.899994 12.000000
503.912494 12.000000
503.924994 12.000000
503.937494 12.000000
503.949994 13.000000
503.962494 12.000000
503.974994 11.000000
503.987494 13.000000
504.000000 12.000000
504.012500 12.000000
504.025000 13.000000
504.037500 12.000000
504.050000 12.000000
504.062500 12.000000
504.075000 12.000000
504.087500 13.000000
504.100006 13.000000
504.112506 12.000000
504.125006 12.000000
504.137506 12.000000
504.150006 12.000000
504.162506 12.000000
504.175006 12.000000
504.187506 12.000000
504.200012 12.000000
504.212512 12.000000
504.225012 12.000000
504.237512 12.000000
504.250012 12.000000
504.262512 12.000000
504.275012 12.000000
504.287512 12.000000
504.299988 12.000000
504.312488 12.000000
504.324988 12.000000
504.337488 12.000000
504.349988 12.000000
504.362488 12.000000
504.374988 11.000000
504.387488 12.000000
504.399994 12.000000
504.412494 12.000000
504.424994 12.000000
504.437494 12.000000
504.449994 12.000000
504.462494 12.000000
504.474994 12.000000
504.487494 13.000000
504.500000 12.000000
504.512500 12.000000
504.525000 12.000000
504.537500 12.000000
504.550000 13.000000
504.562500 12.000000
504.575000 13.000000
504.587500 12.000000
504.600006 11.000000
504.612506 12.000000
504.625006 13.000000
504.637506 11.000000
504.650006 13.000000
504.662506 13.000000
504.675006 14.000000
504.687506 14.000000
504.700012 13.000000
504.712512 14.000000
504.725012 14.000000
504.737512 15.000000
504.750012 14.000000
504.762512 14.000000
504.775012 14.000000
504.787512 14.000000
504.799988 15.000000
504.812488 15.000000
504.824988 15.000000
504.837488 13.000000
504.849988 15.000000
504.862488 13.000000
504.874988 14.000000
504.887488 14.000000
504.899994 14.000000
504.912494 14.000000
504.924994 14.000000
504.937494 13.000000
504.949994 13.000000
504.962494 12.000000
504.974994 13.000000
504.987494 13.000000
505.000000 13.000000
505.012500 0.000000
505.025000 0.000000
505.037500 0.000000
505.050000 0.000000
505.062500 0.000000
505.075000 0.000000
505.087500 0.000000
505.100006 0.000000
505.112506 0.000000
505.125006 0.000000
505.137506 0.000000
505.150006 0.000000
505.162506 0.000000
505.175006 0.000000
505.187506 0.000000
505.200012 0.000000
505.212512 0.000000
505.225012 0.000000
505.237512 0.000000
505.250012 0.000000
505.262512 0.000000
505.275012 0.000000
505.287512 0.000000
505.299988 0.000000
505.312488 0.000000
505.324988 0.000000
505.337488 0.000000
505.349988 0.000000
505.362488 0.000000
505.374988 0.000000
505.387488 0.000000
505.399994 0.000000
505.412494 0.000000
