300.000000 0.000480
300.600006 0.000469
301.200012 0.000460
301.799988 0.000428
302.500000 0.000430
303.100006 0.000418
303.700012 0.000408
304.299988 0.000405
305.000000 0.000384
305.600006 0.000378
306.200012 0.000372
306.799988 0.000375
307.500000 0.000363
308.100006 0.000348
308.700012 0.000358
309.299988 0.000351
310.000000 0.000354
310.600006 0.000351
311.200012 0.000343
311.799988 0.000350
312.500000 0.000340
313.100006 0.000345
313.700012 0.000339
314.299988 0.000345
315.000000 0.000349
315.600006 0.000341
316.200012 0.000351
316.799988 0.000354
317.500000 0.000354
318.100006 0.000355
318.700012 0.000358
319.299988 0.000361
320.000000 0.000357
320.600006 0.000364
321.200012 0.000365
321.799988 0.000368
322.500000 0.000375
323.100006 0.000379
323.700012 0.000376
324.299988 0.000388
325.000000 0.000393
325.600006 0.000388
326.200012 0.000392
326.799988 0.000400
327.500000 0.000399
328.100006 0.000400
328.700012 0.000408
329.299988 0.000417
330.000000 0.000415
330.600006 0.000426
331.200012 0.000438
331.799988 0.000433
332.500000 0.000439
333.100006 0.000447
333.700012 0.000448
334.299988 0.000456
335.000000 0.000454
335.600006 0.000461
336.200012 0.000464
336.799988 0.000477
337.500000 0.000478
338.100006 0.000490
338.700012 0.000490
339.299988 0.000497
340.000000 0.000496
340.600006 0.000504
341.200012 0.000513
341.799988 0.000519
342.500000 0.000529
343.100006 0.000534
343.700012 0.000539
344.299988 0.000550
345.000000 0.000553
345.600006 0.000558
346.200012 0.000565
346.799988 0.000577
347.500000 0.000582
348.100006 0.000589
348.700012 0.000605
349.299988 0.000619
350.000000 0.000619
350.600006 0.000631
351.200012 0.000646
351.799988 0.000657
352.500000 0.000666
353.100006 0.000674
353.700012 0.000690
354.299988 0.000706
355.000000 0.000721
355.600006 0.000739
356.200012 0.000757
356.799988 0.000772
357.500000 0.000786
358.100006 0.000801
358.700012 0.000826
359.299988 0.000842
360.000000 0.000864
360.600006 0.000895
361.200012 0.000910
361.799988 0.000939
362.500000 0.000962
363.100006 0.000987
363.700012 0.001022
364.299988 0.001044
365.000000 0.001072
365.600006 0.001101
366.200012 0.001148
366.799988 0.001179
367.500000 0.001217
368.100006 0.001260
368.700012 0.001305
369.299988 0.001351
370.000000 0.001388
370.600006 0.001450
371.200012 0.001497
371.799988 0.001564
372.500000 0.001616
373.100006 0.001681
373.700012 0.001742
374.299988 0.001797
375.000000 0.001885
375.600006 0.001958
376.200012 0.002037
376.799988 0.002102
377.500000 0.002211
378.100006 0.002273
378.700012 0.002382
379.299988 0.002488
380.000000 0.002599
380.600006 0.002679
381.200012 0.002827
381.799988 0.002964
382.500000 0.003119
383.100006 0.003308
383.700012 0.003455
384.299988 0.003618
385.000000 0.003801
385.600006 0.003955
386.200012 0.004014
386.799988 0.004205
387.500000 0.004377
388.100006 0.004487
388.700012 0.004675
389.299988 0.004752
390.000000 0.004941
390.600006 0.005060
391.200012 0.005155
391.799988 0.005349
392.500000 0.005490
393.100006 0.005629
393.700012 0.005811
394.299988 0.005929
395.000000 0.006109
395.600006 0.006269
396.200012 0.006450
396.799988 0.006653
397.500000 0.006885
398.100006 0.007009
398.700012 0.007171
399.299988 0.007279
400.000000 0.007457
400.600006 0.007556
401.200012 0.007700
401.799988 0.007674
402.500000 0.007857
403.100006 0.007823
403.700012 0.007868
404.299988 0.007993
405.000000 0.008071
405.600006 0.008062
406.200012 0.008166
406.799988 0.008134
407.500000 0.008090
408.100006 0.007825
408.700012 0.007746
409.299988 0.007739
410.000000 0.007665
410.600006 0.007659
411.200012 0.007515
411.799988 0.007401
412.500000 0.007371
413.100006 0.007254
413.700012 0.007083
414.299988 0.006973
415.000000 0.006870
415.600006 0.006763
416.200012 0.006692
416.799988 0.006520
417.500000 0.006329
418.100006 0.006264
418.700012 0.006099
419.299988 0.006009
420.000000 0.005861
420.600006 0.005731
421.200012 0.005651
421.799988 0.005484
422.500000 0.005396
423.100006 0.005257
423.700012 0.005119
424.299988 0.004991
425.000000 0.004892
425.600006 0.004810
426.200012 0.004668
426.799988 0.004584
427.500000 0.004462
428.100006 0.004382
428.700012 0.004258
429.299988 0.004141
430.000000 0.004037
430.600006 0.003913
431.200012 0.003818
431.799988 0.003718
432.500000 0.003610
433.100006 0.003522
433.700012 0.003395
434.299988 0.003283
435.000000 0.003181
435.600006 0.003090
436.200012 0.003012
436.799988 0.002922
437.500000 0.002827
438.100006 0.002745
438.700012 0.002687
439.299988 0.002594
440.000000 0.002510
440.600006 0.002442
441.200012 0.002373
441.799988 0.002297
442.500000 0.002269
443.100006 0.002219
443.700012 0.002161
444.299988 0.002117
445.000000 0.002067
445.600006 0.002027
446.200012 0.001984
446.799988 0.001949
447.500000 0.001920
448.100006 0.001879
448.700012 0.001864
449.299988 0.001845
450.000000 0.001815
450.600006 0.001786
451.200012 0.001759
451.799988 0.001738
452.500000 0.001708
453.100006 0.001695
453.700012 0.001672
454.299988 0.001655
455.000000 0.001647
455.600006 0.001638
456.200012 0.001619
456.799988 0.001604
457.500000 0.001588
458.100006 0.001583
458.700012 0.001604
459.299988 0.001610
460.000000 0.001609
460.600006 0.001619
461.200012 0.001615
461.799988 0.001623
462.500000 0.001633
463.100006 0.001662
463.700012 0.001658
464.299988 0.001656
465.000000 0.001656
465.600006 0.001642
466.200012 0.001620
466.799988 0.001614
467.500000 0.001612
468.100006 0.001637
468.700012 0.001645
469.299988 0.001609
470.000000 0.001588
470.600006 0.001577
471.200012 0.001570
471.799988 0.001566
472.500000 0.001565
473.100006 0.001571
473.700012 0.001573
474.299988 0.001592
475.000000 0.001629
475.600006 0.001614
476.200012 0.001641
476.799988 0.001637
477.500000 0.001597
478.100006 0.001582
478.700012 0.001576
479.299988 0.001577
480.000000 0.001584
480.600006 0.001580
481.200012 0.001583
481.799988 0.001588
482.500000 0.001594
483.100006 0.001599
483.700012 0.001594
484.299988 0.001599
485.000000 0.001604
485.600006 0.001609
486.200012 0.001617
486.799988 0.001620
487.500000 0.001628
488.100006 0.001636
488.700012 0.001636
489.299988 0.001646
490.000000 0.001660
490.600006 0.001664
491.200012 0.001672
491.799988 0.001686
492.500000 0.001693
493.100006 0.001708
493.700012 0.001712
494.299988 0.001725
495.000000 0.001740
495.600006 0.001759
496.200012 0.001760
496.799988 0.001774
497.500000 0.001786
498.100006 0.001795
498.700012 0.001807
499.299988 0.001822
500.000000 0.001839
500.600006 0.001852
501.200012 0.001870
501.799988 0.001882
502.500000 0.001895
503.100006 0.001914
503.700012 0.001933
504.299988 0.001948
505.000000 0.001954
505.600006 0.001977
506.200012 0.002000
506.799988 0.002019
507.500000 0.002038
508.100006 0.002054
508.700012 0.002078
509.299988 0.002104
510.000000 0.002115
510.600006 0.002140
511.200012 0.002161
511.799988 0.002176
512.500000 0.002203
513.099976 0.002231
513.700012 0.002252
514.299988 0.002262
515.000000 0.002298
515.599976 0.002313
516.200012 0.002346
516.799988 0.002358
517.500000 0.002380
518.099976 0.002418
518.700012 0.002444
519.299988 0.002472
520.000000 0.002496
520.599976 0.002526
521.200012 0.002562
521.799988 0.002595
522.500000 0.002623
523.099976 0.002650
523.700012 0.002676
524.299988 0.002710
525.000000 0.002744
525.599976 0.002758
526.200012 0.002780
526.799988 0.002809
527.500000 0.002854
528.099976 0.002887
528.700012 0.002909
529.299988 0.002948
530.000000 0.002976
530.599976 0.003007
531.200012 0.003049
531.799988 0.003078
532.500000 0.003088
533.099976 0.003129
533.700012 0.003159
534.299988 0.003201
535.000000 0.003219
535.599976 0.003250
536.200012 0.003266
536.799988 0.003293
537.500000 0.003322
538.099976 0.003366
538.700012 0.003379
539.299988 0.003405
540.000000 0.003435
540.599976 0.003450
541.200012 0.003481
541.799988 0.003492
542.500000 0.003509
543.099976 0.003535
543.700012 0.003555
544.299988 0.003581
545.000000 0.003596
545.599976 0.003610
546.200012 0.003623
546.799988 0.003656
547.500000 0.003666
548.099976 0.003691
548.700012 0.003677
549.299988 0.003698
550.000000 0.003704
550.599976 0.003697
551.200012 0.003708
551.799988 0.003713
552.500000 0.003709
553.099976 0.003711
553.700012 0.003717
554.299988 0.003713
555.000000 0.003713
555.599976 0.003729
556.200012 0.003720
556.799988 0.003708
557.500000 0.003692
558.099976 0.003684
558.700012 0.003670
559.299988 0.003653
560.000000 0.003661
560.599976 0.003648
561.200012 0.003639
561.799988 0.003609
562.500000 0.003598
563.099976 0.003569
563.700012 0.003562
564.299988 0.003538
565.000000 0.003511
565.599976 0.003509
566.200012 0.003482
566.799988 0.003459
567.500000 0.003429
568.099976 0.003382
568.700012 0.003370
569.299988 0.003346
570.000000 0.003321
570.599976 0.003285
571.200012 0.003261
571.799988 0.003242
572.500000 0.003194
573.099976 0.003169
573.700012 0.003138
574.299988 0.003107
575.000000 0.003081
575.599976 0.003040
576.200012 0.003001
576.799988 0.002971
577.500000 0.002938
578.099976 0.002897
578.700012 0.002875
579.299988 0.002835
580.000000 0.002811
580.599976 0.002762
581.200012 0.002738
581.799988 0.002711
582.500000 0.002671
583.099976 0.002647
583.700012 0.002610
584.299988 0.002572
585.000000 0.002549
585.599976 0.002504
586.200012 0.002466
586.799988 0.002436
587.500000 0.002407
588.099976 0.002374
588.700012 0.002349
589.299988 0.002315
590.000000 0.002276
590.599976 0.002247
591.200012 0.002221
591.799988 0.002199
592.500000 0.002167
593.099976 0.002137
593.700012 0.002107
594.299988 0.002081
595.000000 0.002055
595.599976 0.002039
596.200012 0.002007
596.799988 0.001984
597.500000 0.001958
598.099976 0.001933
598.700012 0.001913
599.299988 0.001894
600.000000 0.001875
600.599976 0.001856
601.200012 0.001838
601.799988 0.001822
602.500000 0.001806
603.099976 0.001791
603.700012 0.001770
604.299988 0.001765
605.000000 0.001743
605.599976 0.001733
606.200012 0.001716
606.799988 0.001709
607.500000 0.001690
608.099976 0.001678
608.700012 0.001669
609.299988 0.001653
610.000000 0.001645
610.599976 0.001633
611.200012 0.001626
611.799988 0.001617
612.500000 0.001609
613.099976 0.001603
613.700012 0.001594
614.299988 0.001588
615.000000 0.001581
615.599976 0.001576
616.200012 0.001568
616.799988 0.001564
617.500000 0.001552
618.099976 0.001547
618.700012 0.001543
619.299988 0.001537
620.000000 0.001534
620.599976 0.001527
621.200012 0.001518
621.799988 0.001513
622.500000 0.001516
623.099976 0.001514
623.700012 0.001512
624.299988 0.001509
625.000000 0.001507
625.599976 0.001503
626.200012 0.001500
626.799988 0.001496
627.500000 0.001493
628.099976 0.001486
628.700012 0.001492
629.299988 0.001487
630.000000 0.001481
630.599976 0.001484
631.200012 0.001480
631.799988 0.001478
632.500000 0.001476
633.099976 0.001475
633.700012 0.001472
634.299988 0.001477
635.000000 0.001473
635.599976 0.001472
636.200012 0.001472
636.799988 0.001475
637.500000 0.001472
638.099976 0.001469
638.700012 0.001466
639.299988 0.001471
640.000000 0.001472
640.599976 0.001466
641.200012 0.001456
641.799988 0.001465
642.500000 0.001462
643.099976 0.001463
643.700012 0.001460
644.299988 0.001462
645.000000 0.001454
645.599976 0.001454
646.200012 0.001452
646.799988 0.001451
647.500000 0.001457
648.099976 0.001461
648.700012 0.001461
649.299988 0.001459
650.000000 0.001458
650.599976 0.001459
651.200012 0.001454
651.799988 0.001454
652.500000 0.001456
653.099976 0.001455
653.700012 0.001449
654.299988 0.001451
655.000000 0.001450
655.599976 0.001451
656.200012 0.001453
656.799988 0.001458
657.500000 0.001459
658.099976 0.001465
658.700012 0.001465
659.299988 0.001466
660.000000 0.001474
660.599976 0.001467
661.200012 0.001459
661.799988 0.001461
662.500000 0.001457
663.099976 0.001459
663.700012 0.001457
664.299988 0.001459
665.000000 0.001455
665.599976 0.001453
666.200012 0.001453
666.799988 0.001451
667.500000 0.001457
668.099976 0.001460
668.700012 0.001459
669.299988 0.001455
670.000000 0.001452
670.599976 0.001452
671.200012 0.001453
671.799988 0.001453
672.500000 0.001445
673.099976 0.001449
673.700012 0.001446
674.299988 0.001446
675.000000 0.001452
675.599976 0.001447
676.200012 0.001443
676.799988 0.001450
677.500000 0.001448
678.099976 0.001443
678.700012 0.001437
679.299988 0.001438
680.000000 0.001442
680.599976 0.001438
681.200012 0.001443
681.799988 0.001437
682.500000 0.001439
683.099976 0.001432
683.700012 0.001438
684.299988 0.001433
685.000000 0.001437
685.599976 0.001436
686.200012 0.001435
686.799988 0.001437
687.500000 0.001430
688.099976 0.001436
688.700012 0.001429
689.299988 0.001431
690.000000 0.001428
690.599976 0.001434
691.200012 0.001427
691.799988 0.001425
692.500000 0.001440
693.099976 0.001480
693.700012 0.001440
694.299988 0.001540
695.000000 0.001427
695.599976 0.001415
696.200012 0.001411
696.799988 0.001416
697.500000 0.001416
698.099976 0.001416
698.700012 0.001420
699.299988 0.001425
700.000000 0.001427
700.599976 0.001426
701.200012 0.001428
701.799988 0.001429
702.500000 0.001438
703.099976 0.001438
703.700012 0.001437
704.299988 0.001440
705.000000 0.001438
705.599976 0.001441
706.200012 0.001441
706.799988 0.001449
707.500000 0.001439
708.099976 0.001441
708.700012 0.001440
709.299988 0.001449
710.000000 0.001443
710.599976 0.001442
711.200012 0.001445
711.799988 0.001447
712.500000 0.001458
713.099976 0.001458
713.700012 0.001454
714.299988 0.001462
715.000000 0.001467
715.599976 0.001467
716.200012 0.001481
716.799988 0.001484
717.500000 0.001491
718.099976 0.001482
718.700012 0.001481
719.299988 0.001483
720.000000 0.001494
720.599976 0.001498
721.200012 0.001493
721.799988 0.001503
722.500000 0.001486
723.099976 0.001484
723.700012 0.001474
724.299988 0.001467
725.000000 0.001468
725.599976 0.001465
726.200012 0.001471
726.799988 0.001464
727.500000 0.001464
728.099976 0.001468
728.700012 0.001478
729.299988 0.001477
730.000000 0.001469
730.599976 0.001460
731.200012 0.001453
731.799988 0.001458
732.500000 0.001462
733.099976 0.001469
733.700012 0.001470
734.299988 0.001465
735.000000 0.001473
735.599976 0.001463
736.200012 0.001465
736.799988 0.001460
737.500000 0.001459
738.099976 0.001458
738.700012 0.001464
739.299988 0.001457
740.000000 0.001438
740.599976 0.001443
741.200012 0.001433
741.799988 0.001439
742.500000 0.001438
743.099976 0.001429
743.700012 0.001434
744.299988 0.001437
745.000000 0.001428
745.599976 0.001437
746.200012 0.001442
746.799988 0.001452
747.500000 0.001452
748.099976 0.001439
748.700012 0.001441
749.299988 0.001452
750.000000 0.001444
