690.000000 19.000000
690.012500 19.000000
690.025000 20.000000
690.037500 19.000000
690.050000 19.000000
690.062500 19.000000
690.075000 19.000000
690.087500 19.000000
690.099976 20.000000
690.112476 20.000000
690.124976 20.000000
690.137476 20.000000
690.149976 20.000000
690.162476 20.000000
690.174976 20.000000
690.187476 20.000000
690.200012 20.000000
690.212512 20.000000
690.225012 21.000000
690.237512 20.000000
690.250012 20.000000
690.262512 20.000000
690.275012 21.000000
690.287512 21.000000
690.299988 21.000000
690.312488 21.000000
690.324988 21.000000
690.337488 21.000000
690.349988 21.000000
690.362488 21.000000
690.374988 21.000000
690.387488 22.000000
690.400024 21.000000
690.412524 22.000000
690.425024 22.000000
690.437524 22.000000
690.450024 22.000000
690.462524 22.000000
690.475024 23.000000
690.487524 23.000000
690.500000 23.000000
690.512500 23.000000
690.525000 23.000000
690.537500 23.000000
690.550000 23.000000
690.562500 23.000000
690.575000 23.000000
690.587500 23.000000
690.599976 23.000000
690.612476 23.000000
690.624976 24.000000
690.637476 24.000000
690.649976 24.000000
690.662476 24.000000
690.674976 24.000000
690.687476 25.000000
690.700012 24.000000
690.712512 25.000000
690.725012 25.000000
690.737512 25.000000
690.750012 25.000000
690.762512 25.000000
690.775012 26.000000
690.787512 26.000000
690.799988 26.000000
690.812488 26.000000
690.824988 26.000000
690.837488 26.000000
690.849988 26.000000
690.862488 27.000000
690.874988 27.000000
690.887488 27.000000
690.900024 27.000000
690.912524 28.000000
690.925024 28.000000
690.937524 27.000000
690.950024 28.000000
690.962524 28.000000
690.975024 29.000000
690.987524 28.000000
691.000000 30.000000
691.012500 30.000000
691.025000 30.000000
691.037500 30.000000
691.050000 30.000000
691.062500 31.000000
691.075000 31.000000
691.087500 31.000000
691.099976 32.000000
691.112476 32.000000
691.124976 32.000000
691.137476 33.000000
691.149976 32.000000
691.162476 33.000000
691.174976 33.000000
691.187476 33.000000
691.200012 34.000000
691.212512 34.000000
691.225012 35.000000
691.237512 35.000000
691.250012 36.000000
691.262512 36.000000
691.275012 36.000000
691.287512 36.000000
691.299988 37.000000
691.312488 37.000000
691.324988 37.000000
691.337488 38.000000
691.349988 39.000000
691.362488 39.000000
691.374988 39.000000
691.387488 40.000000
691.400024 40.000000
691.412524 40.000000
691.425024 42.000000
691.437524 41.000000
691.450024 43.000000
691.462524 42.000000
691.475024 44.000000
691.487524 44.000000
691.500000 44.000000
691.512500 46.000000
691.525000 45.000000
691.537500 46.000000
691.550000 47.000000
691.562500 48.000000
691.575000 49.000000
691.587500 49.000000
691.599976 50.000000
691.612476 51.000000
691.624976 51.000000
691.637476 52.000000
691.649976 53.000000
691.662476 54.000000
691.674976 55.000000
691.687476 55.000000
691.700012 57.000000
691.712512 57.000000
691.725012 58.000000
691.737512 58.000000
691.750012 59.000000
691.762512 60.000000
691.775012 62.000000
691.787512 63.000000
691.799988 64.000000
691.812488 66.000000
691.824988 67.000000
691.837488 68.000000
691.849988 69.000000
691.862488 72.000000
691.874988 72.000000
691.887488 74.000000
691.900024 76.000000
691.912524 77.000000
691.925024 79.000000
691.937524 80.000000
691.950024 82.000000
691.962524 84.000000
691.975024 85.000000
691.987524 88.000000
692.000000 90.000000
692.012500 92.000000
692.025000 94.000000
692.037500 96.000000
692.050000 99.000000
692.062500 101.000000
692.075000 105.000000
692.087500 107.000000
692.099976 110.000000
692.112476 113.000000
692.124976 116.000000
692.137476 121.000000
692.149976 123.000000
692.162476 128.000000
692.174976 133.000000
692.187476 136.000000
692.200012 141.000000
692.212512 147.000000
692.225012 149.000000
692.237512 154.000000
692.250012 161.000000
692.262512 167.000000
692.275012 171.000000
692.287512 177.000000
692.299988 186.000000
692.312488 191.000000
692.324988 199.000000
692.337488 205.000000
692.349988 213.000000
692.362488 223.000000
692.374988 232.000000
692.387488 242.000000
692.400024 254.000000
692.412524 266.000000
692.425024 276.000000
692.437524 289.000000
692.450024 304.000000
692.462524 318.000000
692.475024 335.000000
692.487524 351.000000
692.500000 344.000000
692.512500 395.000000
692.525000 384.000000
692.537500 407.000000
692.550000 461.000000
692.562500 488.000000
692.575000 515.000000
692.587500 517.000000
692.599976 577.000000
692.612476 614.000000
692.624976 645.000000
692.637476 690.000000
692.649976 729.000000
692.662476 773.000000
692.674976 790.000000
692.687476 863.000000
692.700012 859.000000
692.712512 956.000000
692.725012 1005.000000
692.737512 1055.000000
692.750012 1103.000000
692.762512 1129.000000
692.775012 1195.000000
692.787512 1239.000000
692.799988 1257.000000
692.812488 1321.000000
692.824988 1347.000000
692.837488 1373.000000
692.849988 1401.000000
692.862488 1424.000000
692.874988 1433.000000
692.887488 1439.000000
692.900024 1439.000000
692.912524 1430.000000
692.925024 1421.000000
692.937524 1400.000000
692.950024 1373.000000
692.962524 1345.000000
692.975024 1314.000000
692.987524 1276.000000
693.000000 1242.000000
693.012500 1196.000000
693.025000 1158.000000
693.037500 1092.000000
693.050000 1072.000000
693.062500 1027.000000
693.075000 986.000000
693.087500 916.000000
693.099976 903.000000
693.112476 867.000000
693.124976 835.000000
693.137476 767.000000
693.149976 760.000000
693.162476 732.000000
693.174976 701.000000
693.187476 645.000000
693.200012 649.000000
693.212512 624.000000
693.225012 601.000000
693.237512 580.000000
693.250012 560.000000
693.262512 542.000000
693.275012 528.000000
693.287512 512.000000
693.299988 498.000000
693.312488 484.000000
693.324988 474.000000
693.337488 460.000000
693.349988 451.000000
693.362488 441.000000
693.374988 434.000000
693.387488 426.000000
693.400024 421.000000
693.412524 417.000000
693.425024 412.000000
693.437524 408.000000
693.450024 404.000000
693.462524 403.000000
693.475024 401.000000
693.487524 400.000000
693.500000 399.000000
693.512500 401.000000
693.525000 402.000000
693.537500 401.000000
693.550000 406.000000
693.562500 409.000000
693.575000 413.000000
693.587500 415.000000
693.599976 421.000000
693.612476 427.000000
693.624976 432.000000
693.637476 440.000000
693.649976 446.000000
693.662476 455.000000
693.674976 465.000000
693.687476 472.000000
693.700012 485.000000
693.712512 494.000000
693.725012 506.000000
693.737512 521.000000
693.750012 537.000000
693.762512 553.000000
693.775012 570.000000
693.787512 591.000000
693.799988 608.000000
693.812488 627.000000
693.824988 649.000000
693.837488 672.000000
693.849988 698.000000
693.862488 725.000000
693.874988 752.000000
693.887488 782.000000
693.900024 788.000000
693.912524 824.000000
693.925024 880.000000
693.937524 919.000000
693.950024 958.000000
693.962524 978.000000
693.975024 1038.000000
693.987524 1085.000000
694.000000 1112.000000
694.012500 1185.000000
694.025000 1227.000000
694.037500 1286.000000
694.050000 1349.000000
694.062500 1401.000000
694.075000 1460.000000
694.087500 1522.000000
694.099976 1578.000000
694.112476 1636.000000
694.124976 1691.000000
694.137476 1754.000000
694.149976 1812.000000
694.162476 1863.000000
694.174976 1902.000000
694.187476 1970.000000
694.200012 2015.000000
694.212512 2047.000000
694.225012 2088.000000
694.237512 2125.000000
694.250012 2151.000000
694.262512 2175.000000
694.275012 2191.000000
694.287512 2205.000000
694.299988 2202.000000
694.312488 2202.000000
694.324988 2195.000000
694.337488 2181.000000
694.349988 2154.000000
694.362488 2128.000000
694.374988 2101.000000
694.387488 2062.000000
694.400024 2028.000000
694.412524 1983.000000
694.425024 1938.000000
694.437524 1886.000000
694.450024 1833.000000
694.462524 1779.000000
694.475024 1723.000000
694.487524 1677.000000
694.500000 1620.000000
694.512500 1565.000000
694.525000 1517.000000
694.537500 1462.000000
694.550000 1405.000000
694.562500 1350.000000
694.575000 1300.000000
694.587500 1252.000000
694.599976 1195.000000
694.612476 1152.000000
694.624976 1109.000000
694.637476 1064.000000
694.649976 1023.000000
694.662476 988.000000
694.674976 950.000000
694.687476 914.000000
694.700012 880.000000
694.712512 850.000000
694.725012 817.000000
694.737512 790.000000
694.750012 760.000000
694.762512 731.000000
694.775012 706.000000
694.787512 684.000000
694.799988 658.000000
694.812488 638.000000
694.824988 615.000000
694.837488 598.000000
694.849988 573.000000
694.862488 554.000000
694.874988 539.000000
694.887488 520.000000
694.900024 505.000000
694.912524 491.000000
694.925024 476.000000
694.937524 464.000000
694.950024 449.000000
694.962524 438.000000
694.975024 425.000000
694.987524 412.000000
695.000000 400.000000
695.012500 391.000000
695.025000 380.000000
695.037500 370.000000
695.050000 362.000000
695.062500 352.000000
695.075000 344.000000
695.087500 335.000000
695.099976 325.000000
695.112476 318.000000
695.124976 309.000000
695.137476 304.000000
695.149976 294.000000
695.162476 287.000000
695.174976 281.000000
695.187476 276.000000
695.200012 269.000000
695.212512 262.000000
695.225012 258.000000
695.237512 250.000000
695.250012 245.000000
695.262512 242.000000
695.275012 236.000000
695.287512 231.000000
695.299988 228.000000
695.312488 223.000000
695.324988 219.000000
695.337488 216.000000
695.349988 212.000000
695.362488 205.000000
695.374988 203.000000
695.387488 199.000000
695.400024 196.000000
695.412524 191.000000
695.425024 189.000000
695.437524 186.000000
695.450024 183.000000
695.462524 179.000000
695.475024 177.000000
695.487524 173.000000
695.500000 171.000000
695.512500 167.000000
695.525000 166.000000
695.537500 163.000000
695.550000 160.000000
695.562500 158.000000
695.575000 155.000000
695.587500 155.000000
695.599976 151.000000
695.612476 148.000000
695.624976 147.000000
695.637476 144.000000
695.649976 142.000000
695.662476 139.000000
695.674976 139.000000
695.687476 135.000000
695.700012 134.000000
695.712512 134.000000
695.725012 132.000000
695.737512 129.000000
695.750012 128.000000
695.762512 125.000000
695.775012 123.000000
695.787512 122.000000
695.799988 121.000000
695.812488 120.000000
695.824988 118.000000
695.837488 117.000000
695.849988 115.000000
695.862488 114.000000
695.874988 113.000000
695.887488 110.000000
695.900024 109.000000
695.912524 108.000000
695.925024 107.000000
695.937524 106.000000
695.950024 105.000000
695.962524 104.000000
695.975024 102.000000
695.987524 102.000000
696.000000 99.000000
696.012500 99.000000
696.025000 98.000000
696.037500 97.000000
696.050000 96.000000
696.062500 95.000000
696.075000 93.000000
696.087500 93.000000
696.099976 93.000000
696.112476 92.000000
696.124976 91.000000
696.137476 89.000000
696.149976 88.000000
696.162476 88.000000
696.174976 87.000000
696.187476 86.000000
696.200012 85.000000
696.212512 85.000000
696.225012 84.000000
696.237512 83.000000
696.250012 82.000000
696.262512 82.000000
696.275012 81.000000
696.287512 80.000000
696.299988 80.000000
696.312488 79.000000
696.324988 78.000000
696.337488 77.000000
696.349988 76.000000
696.362488 77.000000
696.374988 76.000000
696.387488 75.000000
696.400024 75.000000
696.412524 75.000000
696.425024 74.000000
696.437524 73.000000
696.450024 71.000000
696.462524 72.000000
696.475024 71.000000
696.487524 70.000000
696.500000 70.000000
696.512500 69.000000
696.525000 69.000000
696.537500 69.000000
696.550000 68.000000
696.562500 67.000000
696.575000 67.000000
696.587500 66.000000
696.599976 66.000000
696.612476 65.000000
696.624976 65.000000
696.637476 64.000000
696.649976 64.000000
696.662476 64.000000
696.674976 63.000000
696.687476 63.000000
696.700012 63.000000
696.712512 61.000000
696.725012 61.000000
696.737512 61.000000
696.750012 61.000000
696.762512 61.000000
696.775012 60.000000
696.787512 59.000000
696.799988 59.000000
696.812488 59.000000
696.824988 59.000000
696.837488 58.000000
696.849988 58.000000
696.862488 57.000000
696.874988 57.000000
696.887488 57.000000
696.900024 56.000000
696.912524 56.000000
696.925024 56.000000
696.937524 55.000000
696.950024 55.000000
696.962524 55.000000
696.975024 55.000000
696.987524 54.000000
697.000000 54.000000
697.012500 54.000000
697.025000 54.000000
697.037500 53.000000
697.050000 53.000000
697.062500 53.000000
697.075000 52.000000
697.087500 52.000000
697.099976 52.000000
697.112476 51.000000
697.124976 51.000000
697.137476 51.000000
697.149976 50.000000
697.162476 50.000000
697.174976 51.000000
697.187476 50.000000
697.200012 50.000000
697.212512 50.000000
697.225012 50.000000
697.237512 50.000000
697.250012 49.000000
697.262512 48.000000
697.275012 48.000000
697.287512 48.000000
697.299988 48.000000
697.312488 48.000000
697.324988 48.000000
697.337488 47.000000
697.349988 48.000000
697.362488 47.000000
697.374988 47.000000
697.387488 46.000000
697.400024 47.000000
697.412524 47.000000
697.425024 46.000000
697.437524 45.000000
697.450024 45.000000
697.462524 46.000000
697.475024 45.000000
697.487524 45.000000
697.500000 45.000000
697.512500 45.000000
697.525000 45.000000
697.537500 45.000000
697.550000 44.000000
697.562500 44.000000
697.575000 44.000000
697.587500 43.000000
697.599976 43.000000
697.612476 43.000000
697.624976 43.000000
697.637476 43.000000
697.649976 43.000000
697.662476 43.000000
697.674976 43.000000
697.687476 43.000000
697.700012 43.000000
697.712512 43.000000
697.725012 42.000000
697.737512 42.000000
697.750012 42.000000
697.762512 42.000000
697.775012 42.000000
697.787512 42.000000
697.799988 42.000000
697.812488 41.000000
697.824988 41.000000
697.837488 41.000000
697.849988 41.000000
697.862488 41.000000
697.874988 41.000000
697.887488 40.000000
697.900024 40.000000
697.912524 40.000000
697.925024 40.000000
697.937524 39.000000
697.950024 40.000000
697.962524 39.000000
697.975024 40.000000
697.987524 40.000000
698.000000 39.000000
698.012500 39.000000
698.025000 39.000000
698.037500 39.000000
698.050000 39.000000
698.062500 38.000000
698.075000 38.000000
698.087500 38.000000
698.099976 38.000000
698.112476 38.000000
698.124976 38.000000
698.137476 38.000000
698.149976 38.000000
698.162476 37.000000
698.174976 38.000000
698.187476 37.000000
698.200012 37.000000
698.212512 37.000000
698.225012 37.000000
698.237512 37.000000
698.250012 37.000000
698.262512 37.000000
698.275012 37.000000
698.287512 36.000000
698.299988 36.000000
698.312488 36.000000
698.324988 36.000000
698.337488 36.000000
698.349988 37.000000
698.362488 36.000000
698.374988 36.000000
698.387488 36.000000
698.400024 36.000000
698.412524 35.000000
698.425024 36.000000
698.437524 36.000000
698.450024 36.000000
698.462524 36.000000
698.475024 36.000000
698.487524 35.000000
698.500000 35.000000
698.512500 35.000000
698.525000 36.000000
698.537500 35.000000
698.550000 35.000000
698.562500 35.000000
698.575000 35.000000
698.587500 35.000000
698.599976 35.000000
698.612476 35.000000
698.624976 35.000000
698.637476 34.000000
698.649976 34.000000
698.662476 35.000000
698.674976 33.000000
698.687476 35.000000
698.700012 34.000000
698.712512 34.000000
698.725012 33.000000
698.737512 34.000000
698.750012 34.000000
698.762512 34.000000
698.775012 34.000000
698.787512 33.000000
698.799988 33.000000
698.812488 33.000000
698.824988 33.000000
698.837488 33.000000
698.849988 33.000000
698.862488 33.000000
698.874988 33.000000
698.887488 33.000000
698.900024 32.000000
698.912524 33.000000
698.925024 33.000000
698.937524 33.000000
698.950024 32.000000
698.962524 33.000000
698.975024 33.000000
698.987524 32.000000
699.000000 32.000000
699.012500 32.000000
699.025000 32.000000
699.037500 32.000000
699.050000 32.000000
699.062500 32.000000
699.075000 32.000000
699.087500 32.000000
699.099976 32.000000
699.112476 31.000000
699.124976 32.000000
699.137476 32.000000
699.149976 31.000000
699.162476 31.000000
699.174976 32.000000
699.187476 32.000000
699.200012 31.000000
699.212512 31.000000
699.225012 31.000000
699.237512 31.000000
699.250012 31.000000
699.262512 31.000000
699.275012 31.000000
699.287512 31.000000
699.299988 31.000000
699.312488 31.000000
699.324988 31.000000
699.337488 31.000000
699.349988 31.000000
699.362488 31.000000
699.374988 31.000000
699.387488 30.000000
699.400024 31.000000
699.412524 30.000000
699.425024 31.000000
699.437524 31.000000
699.450024 30.000000
699.462524 30.000000
699.475024 31.000000
699.487524 31.000000
699.500000 31.000000
699.512500 31.000000
699.525000 30.000000
699.537500 31.000000
699.550000 31.000000
699.562500 31.000000
699.575000 31.000000
699.587500 31.000000
699.599976 31.000000
699.612476 31.000000
699.624976 31.000000
699.637476 31.000000
699.649976 31.000000
699.662476 31.000000
699.674976 31.000000
699.687476 31.000000
699.700012 31.000000
699.712512 31.000000
699.725012 31.000000
699.737512 30.000000
699.750012 32.000000
699.762512 31.000000
699.775012 31.000000
699.787512 31.000000
699.799988 31.000000
699.812488 31.000000
699.824988 31.000000
699.837488 30.000000
699.849988 31.000000
699.862488 31.000000
699.874988 30.000000
699.887488 30.000000
699.900024 30.000000
699.912524 30.000000
699.925024 30.000000
699.937524 30.000000
699.950024 30.000000
699.962524 30.000000
699.975024 30.000000
699.987524 30.000000
700.000000 30.000000
#700.012500 0.000000
#700.025000 0.000000
#700.037500 0.000000
#700.050000 0.000000
#700.062500 0.000000
#700.075000 0.000000
#700.087500 0.000000
#700.099976 0.000000
#700.112476 0.000000
#700.124976 0.000000
#700.137476 0.000000
#700.149976 0.000000
#700.162476 0.000000
#700.174976 0.000000
#700.187476 0.000000
#700.200012 0.000000
#700.212512 0.000000
#700.225012 0.000000
#700.237512 0.000000
#700.250012 0.000000
#700.262512 0.000000
#700.275012 0.000000
#700.287512 0.000000
#700.299988 0.000000
#700.312488 0.000000
#700.324988 0.000000
#700.337488 0.000000
#700.349988 0.000000
#700.362488 0.000000
#700.374988 0.000000
#700.387488 0.000000
#700.400024 0.000000
#700.412524 0.000000
