310.000000 143.000000
310.612506 150.000000
311.225012 158.000000
311.837488 165.000000
312.550000 172.000000
313.162506 179.000000
313.775012 186.000000
314.387488 195.000000
315.000000 203.000000
315.612506 211.000000
316.225012 220.000000
316.837488 227.000000
317.550000 235.000000
318.162506 245.000000
318.775012 251.000000
319.387488 258.000000
320.000000 267.000000
320.612506 276.000000
321.225012 285.000000
321.837488 296.000000
322.550000 304.000000
323.162506 315.000000
323.775012 322.000000
324.387488 331.000000
325.000000 340.000000
325.612506 349.000000
326.225012 361.000000
326.837488 369.000000
327.550000 378.000000
328.162506 386.000000
328.775012 394.000000
329.387488 403.000000
330.000000 416.000000
330.612506 423.000000
331.225012 433.000000
331.837488 445.000000
332.550000 454.000000
333.162506 463.000000
333.775012 472.000000
334.387488 479.000000
335.000000 491.000000
335.612506 500.000000
336.225012 511.000000
336.837488 519.000000
337.550000 526.000000
338.162506 536.000000
338.775012 542.000000
339.387488 557.000000
340.000000 565.000000
340.612506 574.000000
341.225012 586.000000
341.837488 598.000000
342.550000 609.000000
343.162506 620.000000
343.775012 632.000000
344.387488 640.000000
345.000000 652.000000
345.612506 661.000000
346.225012 671.000000
346.837488 683.000000
347.550000 695.000000
348.162506 704.000000
348.775012 716.000000
349.387488 725.000000
350.000000 737.000000
350.612506 751.000000
351.225012 763.000000
351.837488 773.000000
352.550000 784.000000
353.162506 798.000000
353.775012 808.000000
354.387488 822.000000
355.000000 834.000000
355.612506 847.000000
356.225012 858.000000
356.837488 868.000000
357.550000 883.000000
358.162506 892.000000
358.775012 904.000000
359.387488 918.000000
360.000000 930.000000
360.612506 944.000000
361.225012 952.000000
361.837488 967.000000
362.550000 982.000000
363.162506 994.000000
363.775012 1007.000000
364.387488 1023.000000
365.000000 1034.000000
365.612506 1048.000000
366.225012 1057.000000
366.837488 1072.000000
367.550000 1088.000000
368.162506 1095.000000
368.775012 1110.000000
369.387488 1124.000000
370.000000 1136.000000
370.612506 1144.000000
371.225012 1160.000000
371.837488 1172.000000
372.550000 1183.000000
373.162506 1203.000000
373.775012 1215.000000
374.387488 1226.000000
375.000000 1238.000000
375.612506 1248.000000
376.225012 1266.000000
376.837488 1279.000000
377.550000 1292.000000
378.162506 1300.000000
378.775012 1315.000000
379.387488 1328.000000
380.000000 1344.000000
380.612506 1359.000000
381.225012 1376.000000
381.837488 1390.000000
382.550000 1404.000000
383.162506 1420.000000
383.775012 1436.000000
384.387488 1449.000000
385.000000 1463.000000
385.612506 1484.000000
386.225012 1493.000000
386.837488 1510.000000
387.550000 1524.000000
388.162506 1540.000000
388.775012 1552.000000
389.387488 1566.000000
390.000000 1591.000000
390.612506 1603.000000
391.225012 1617.000000
391.837488 1627.000000
392.550000 1643.000000
393.162506 1654.000000
393.775012 1671.000000
394.387488 1689.000000
395.000000 1701.000000
395.612506 1722.000000
396.225012 1735.000000
396.837488 1747.000000
397.550000 1765.000000
398.162506 1779.000000
398.775012 1785.000000
399.387488 1802.000000
400.000000 1822.000000
400.612506 1836.000000
401.225012 1853.000000
401.837488 1868.000000
402.550000 1878.000000
403.162506 1892.000000
403.775012 1906.000000
404.387488 1925.000000
405.000000 1940.000000
405.612506 1951.000000
406.225012 1964.000000
406.837488 1976.000000
407.550000 1991.000000
408.162506 2001.000000
408.775012 2018.000000
409.387488 2032.000000
410.000000 2046.000000
410.612506 2053.000000
411.225012 2063.000000
411.837488 2069.000000
412.550000 2078.000000
413.162506 2086.000000
413.775012 2082.000000
414.387488 2072.000000
415.000000 2088.000000
415.612506 2104.000000
416.225012 2113.000000
416.837488 2127.000000
417.550000 2140.000000
418.162506 2161.000000
418.775012 2191.000000
419.387488 2221.000000
420.000000 2252.000000
420.612506 2290.000000
421.225012 2330.000000
421.837488 2378.000000
422.550000 2409.000000
423.162506 2478.000000
423.775012 2507.000000
424.387488 2546.000000
425.000000 2587.000000
425.612506 2617.000000
426.225012 2636.000000
426.837488 2671.000000
427.550000 2704.000000
428.162506 2737.000000
428.775012 2764.000000
429.387488 2783.000000
430.000000 2809.000000
430.612506 2825.000000
431.225012 2849.000000
431.837488 2861.000000
432.550000 2875.000000
433.162506 2887.000000
433.775012 2897.000000
434.387488 2910.000000
435.000000 2920.000000
435.612506 2932.000000
436.225012 2942.000000
436.837488 2948.000000
437.550000 2959.000000
438.162506 2974.000000
438.775012 2991.000000
439.387488 3001.000000
440.000000 3017.000000
440.612506 3038.000000
441.225012 3049.000000
441.837488 3071.000000
442.550000 3097.000000
443.162506 3112.000000
443.775012 3139.000000
444.387488 3169.000000
445.000000 3188.000000
445.612506 3208.000000
446.225012 3237.000000
446.837488 3263.000000
447.550000 3282.000000
448.162506 3308.000000
448.775012 3327.000000
449.387488 3352.000000
450.000000 3376.000000
450.612506 3396.000000
451.225012 3426.000000
451.837488 3442.000000
452.550000 3472.000000
453.162506 3488.000000
453.775012 3514.000000
454.387488 3539.000000
455.000000 3553.000000
455.612506 3576.000000
456.225012 3598.000000
456.837488 3611.000000
457.550000 3629.000000
458.162506 3637.000000
458.775012 3654.000000
459.387488 3665.000000
460.000000 3684.000000
460.612506 3699.000000
461.225012 3708.000000
461.837488 3722.000000
462.550000 3730.000000
463.162506 3744.000000
463.775012 3752.000000
464.387488 3761.000000
465.000000 3770.000000
465.612506 3777.000000
466.225012 3785.000000
466.837488 3793.000000
467.550000 3797.000000
468.162506 3799.000000
468.775012 3802.000000
469.387488 3799.000000
470.000000 3809.000000
470.612506 3818.000000
471.225012 3819.000000
471.837488 3824.000000
472.550000 3828.000000
473.162506 3825.000000
473.775012 3832.000000
474.387488 3832.000000
475.000000 3839.000000
475.612506 3844.000000
476.225012 3853.000000
476.837488 3849.000000
477.550000 3846.000000
478.162506 3853.000000
478.775012 3854.000000
479.387488 3843.000000
480.000000 3851.000000
480.612506 3849.000000
481.225012 3846.000000
481.837488 3848.000000
482.550000 3846.000000
483.162506 3847.000000
483.775012 3851.000000
484.387488 3851.000000
485.000000 3857.000000
485.612506 3854.000000
486.225012 3854.000000
486.837488 3852.000000
487.550000 3855.000000
488.162506 3852.000000
488.775012 3853.000000
489.387488 3856.000000
490.000000 3865.000000
490.612506 3864.000000
491.225012 3870.000000
491.837488 3873.000000
492.550000 3881.000000
493.162506 3872.000000
493.775012 3875.000000
494.387488 3877.000000
495.000000 3874.000000
495.612506 3867.000000
496.225012 3873.000000
496.837488 3872.000000
497.550000 3866.000000
498.162506 3860.000000
498.775012 3864.000000
499.387488 3860.000000
500.000000 3859.000000
500.612506 3858.000000
501.225012 3857.000000
501.837488 3859.000000
502.550000 3854.000000
503.162506 3852.000000
503.775012 3863.000000
504.387488 3848.000000
505.000000 3847.000000
505.612506 3848.000000
506.225012 3846.000000
506.837488 3843.000000
507.550000 3852.000000
508.162506 3849.000000
508.775012 3838.000000
509.387488 3840.000000
510.000000 3838.000000
510.612506 3839.000000
511.225012 3841.000000
511.837488 3834.000000
512.550000 3829.000000
513.162476 3829.000000
513.775012 3827.000000
514.387488 3823.000000
515.000000 3817.000000
515.612476 3822.000000
516.225012 3813.000000
516.837488 3821.000000
517.550000 3817.000000
518.162476 3817.000000
518.775012 3809.000000
519.387488 3803.000000
520.000000 3805.000000
520.612476 3797.000000
521.225012 3791.000000
521.837488 3789.000000
522.550000 3792.000000
523.162476 3786.000000
523.775012 3788.000000
524.387488 3790.000000
525.000000 3793.000000
525.612476 3779.000000
526.225012 3786.000000
526.837488 3782.000000
527.550000 3775.000000
528.162476 3770.000000
528.775012 3767.000000
529.387488 3763.000000
530.000000 3762.000000
530.612476 3756.000000
531.225012 3746.000000
531.837488 3750.000000
532.550000 3741.000000
533.162476 3741.000000
533.775012 3740.000000
534.387488 3743.000000
535.000000 3739.000000
535.612476 3735.000000
536.225012 3738.000000
536.837488 3734.000000
537.550000 3735.000000
538.162476 3726.000000
538.775012 3720.000000
539.387488 3715.000000
540.000000 3717.000000
540.612476 3713.000000
541.225012 3710.000000
541.837488 3707.000000
542.550000 3704.000000
543.162476 3703.000000
543.775012 3702.000000
544.387488 3695.000000
545.000000 3693.000000
545.612476 3686.000000
546.225012 3684.000000
546.837488 3686.000000
547.550000 3677.000000
548.162476 3677.000000
548.775012 3674.000000
549.387488 3669.000000
550.000000 3668.000000
550.612476 3661.000000
551.225012 3658.000000
551.837488 3658.000000
552.550000 3646.000000
553.162476 3648.000000
553.775012 3641.000000
554.387488 3641.000000
555.000000 3636.000000
555.612476 3634.000000
556.225012 3625.000000
556.837488 3627.000000
557.550000 3627.000000
558.162476 3622.000000
558.775012 3608.000000
559.387488 3601.000000
560.000000 3604.000000
560.612476 3594.000000
561.225012 3595.000000
561.837488 3588.000000
562.550000 3579.000000
563.162476 3581.000000
563.775012 3579.000000
564.387488 3572.000000
565.000000 3566.000000
565.612476 3567.000000
566.225012 3558.000000
566.837488 3563.000000
567.550000 3550.000000
568.162476 3544.000000
568.775012 3537.000000
569.387488 3533.000000
570.000000 3522.000000
570.612476 3519.000000
571.225012 3517.000000
571.837488 3513.000000
572.550000 3504.000000
573.162476 3493.000000
573.775012 3492.000000
574.387488 3485.000000
575.000000 3487.000000
575.612476 3478.000000
576.225012 3477.000000
576.837488 3470.000000
577.550000 3461.000000
578.162476 3454.000000
578.775012 3447.000000
579.387488 3443.000000
580.000000 3441.000000
580.612476 3427.000000
581.225012 3421.000000
581.837488 3414.000000
582.550000 3413.000000
583.162476 3411.000000
583.775012 3409.000000
584.387488 3395.000000
585.000000 3386.000000
585.612476 3383.000000
586.225012 3372.000000
586.837488 3371.000000
587.550000 3363.000000
588.162476 3358.000000
588.775012 3352.000000
589.387488 3344.000000
590.000000 3338.000000
590.612476 3333.000000
591.225012 3328.000000
591.837488 3309.000000
592.550000 3301.000000
593.162476 3298.000000
593.775012 3294.000000
594.387488 3284.000000
595.000000 3277.000000
595.612476 3275.000000
596.225012 3266.000000
596.837488 3262.000000
597.550000 3251.000000
598.162476 3244.000000
598.775012 3240.000000
599.387488 3230.000000
600.000000 3224.000000
600.612476 3214.000000
601.225012 3204.000000
601.837488 3199.000000
602.550000 3191.000000
603.162476 3183.000000
603.775012 3178.000000
604.387488 3167.000000
605.000000 3155.000000
605.612476 3152.000000
606.225012 3140.000000
606.837488 3131.000000
607.550000 3130.000000
608.162476 3120.000000
608.775012 3118.000000
609.387488 3105.000000
610.000000 3097.000000
610.612476 3091.000000
611.225012 3082.000000
611.837488 3075.000000
612.550000 3064.000000
613.162476 3061.000000
613.775012 3052.000000
614.387488 3044.000000
615.000000 3039.000000
615.612476 3031.000000
616.225012 3017.000000
616.837488 3019.000000
617.550000 3006.000000
618.162476 3002.000000
618.775012 2993.000000
619.387488 2981.000000
620.000000 2973.000000
620.612476 2959.000000
621.225012 2951.000000
621.837488 2944.000000
622.550000 2935.000000
623.162476 2927.000000
623.775012 2916.000000
624.387488 2904.000000
625.000000 2885.000000
625.612476 2880.000000
626.225012 2875.000000
626.837488 2868.000000
627.550000 2857.000000
628.162476 2850.000000
628.775012 2836.000000
629.387488 2826.000000
630.000000 2812.000000
630.612476 2803.000000
631.225012 2787.000000
631.837488 2777.000000
632.550000 2766.000000
633.162476 2758.000000
633.775012 2742.000000
634.387488 2734.000000
635.000000 2717.000000
635.612476 2710.000000
636.225012 2700.000000
636.837488 2691.000000
637.550000 2678.000000
638.162476 2665.000000
638.775012 2652.000000
639.387488 2647.000000
640.000000 2638.000000
640.612476 2620.000000
641.225012 2611.000000
641.837488 2600.000000
642.550000 2583.000000
643.162476 2570.000000
643.775012 2556.000000
644.387488 2552.000000
645.000000 2540.000000
645.612476 2531.000000
646.225012 2521.000000
646.837488 2508.000000
647.550000 2493.000000
648.162476 2486.000000
648.775012 2474.000000
649.387488 2464.000000
650.000000 2455.000000
