300.000000 16.000000
300.612506 17.000000
301.225012 18.000000
301.837488 19.000000
302.550000 19.000000
303.162506 19.000000
303.775012 20.000000
304.387488 21.000000
305.000000 22.000000
305.612506 22.000000
306.225012 24.000000
306.837488 24.000000
307.550000 25.000000
308.162506 26.000000
308.775012 28.000000
309.387488 28.000000
310.000000 30.000000
310.612506 31.000000
311.225012 33.000000
311.837488 34.000000
312.550000 35.000000
313.162506 37.000000
313.775012 39.000000
314.387488 40.000000
315.000000 42.000000
315.612506 43.000000
316.225012 46.000000
316.837488 48.000000
317.550000 50.000000
318.162506 52.000000
318.775012 54.000000
319.387488 55.000000
320.000000 58.000000
320.612506 61.000000
321.225012 63.000000
321.837488 66.000000
322.550000 68.000000
323.162506 71.000000
323.775012 73.000000
324.387488 76.000000
325.000000 79.000000
325.612506 82.000000
326.225012 84.000000
326.837488 87.000000
327.550000 91.000000
328.162506 94.000000
328.775012 97.000000
329.387488 100.000000
330.000000 104.000000
330.612506 107.000000
331.225012 111.000000
331.837488 115.000000
332.550000 119.000000
333.162506 123.000000
333.775012 127.000000
334.387488 129.000000
335.000000 134.000000
335.612506 139.000000
336.225012 143.000000
336.837488 146.000000
337.550000 151.000000
338.162506 155.000000
338.775012 158.000000
339.387488 163.000000
340.000000 168.000000
340.612506 172.000000
341.225012 179.000000
341.837488 183.000000
342.550000 189.000000
343.162506 194.000000
343.775012 199.000000
344.387488 205.000000
345.000000 211.000000
345.612506 216.000000
346.225012 222.000000
346.837488 229.000000
347.550000 233.000000
348.162506 241.000000
348.775012 246.000000
349.387488 253.000000
350.000000 258.000000
350.612506 266.000000
351.225012 274.000000
351.837488 281.000000
352.550000 289.000000
353.162506 296.000000
353.775012 303.000000
354.387488 309.000000
355.000000 317.000000
355.612506 325.000000
356.225012 332.000000
356.837488 340.000000
357.550000 347.000000
358.162506 356.000000
358.775012 364.000000
359.387488 372.000000
360.000000 380.000000
360.612506 388.000000
361.225012 396.000000
361.837488 405.000000
362.550000 414.000000
363.162506 423.000000
363.775012 434.000000
364.387488 440.000000
365.000000 449.000000
365.612506 457.000000
366.225012 468.000000
366.837488 475.000000
367.550000 486.000000
368.162506 494.000000
368.775012 504.000000
369.387488 515.000000
370.000000 523.000000
370.612506 533.000000
371.225012 544.000000
371.837488 556.000000
372.550000 565.000000
373.162506 574.000000
373.775012 584.000000
374.387488 595.000000
375.000000 604.000000
375.612506 617.000000
376.225012 626.000000
376.837488 636.000000
377.550000 647.000000
378.162506 657.000000
378.775012 670.000000
379.387488 680.000000
380.000000 691.000000
380.612506 704.000000
381.225012 715.000000
381.837488 729.000000
382.550000 740.000000
383.162506 755.000000
383.775012 765.000000
384.387488 777.000000
385.000000 791.000000
385.612506 806.000000
386.225012 817.000000
386.837488 829.000000
387.550000 841.000000
388.162506 854.000000
388.775012 868.000000
389.387488 882.000000
390.000000 897.000000
390.612506 911.000000
391.225012 923.000000
391.837488 940.000000
392.550000 953.000000
393.162506 965.000000
393.775012 980.000000
394.387488 993.000000
395.000000 1005.000000
395.612506 1020.000000
396.225012 1035.000000
396.837488 1051.000000
397.550000 1061.000000
398.162506 1077.000000
398.775012 1087.000000
399.387488 1104.000000
400.000000 1117.000000
400.612506 1132.000000
401.225012 1144.000000
401.837488 1157.000000
402.550000 1171.000000
403.162506 1190.000000
403.775012 1203.000000
404.387488 1218.000000
405.000000 1230.000000
405.612506 1244.000000
406.225012 1257.000000
406.837488 1271.000000
407.550000 1287.000000
408.162506 1297.000000
408.775012 1313.000000
409.387488 1324.000000
410.000000 1334.000000
410.612506 1346.000000
411.225012 1357.000000
411.837488 1370.000000
412.550000 1382.000000
413.162506 1390.000000
413.775012 1398.000000
414.387488 1397.000000
415.000000 1408.000000
415.612506 1425.000000
416.225012 1439.000000
416.837488 1453.000000
417.550000 1465.000000
418.162506 1480.000000
418.775012 1504.000000
419.387488 1529.000000
420.000000 1556.000000
420.612506 1582.000000
421.225012 1617.000000
421.837488 1649.000000
422.550000 1678.000000
423.162506 1722.000000
423.775012 1752.000000
424.387488 1791.000000
425.000000 1825.000000
425.612506 1860.000000
426.225012 1897.000000
426.837488 1928.000000
427.550000 1963.000000
428.162506 1988.000000
428.775012 2016.000000
429.387488 2042.000000
430.000000 2064.000000
430.612506 2084.000000
431.225012 2107.000000
431.837488 2122.000000
432.550000 2137.000000
433.162506 2152.000000
433.775012 2168.000000
434.387488 2181.000000
435.000000 2190.000000
435.612506 2206.000000
436.225012 2221.000000
436.837488 2232.000000
437.550000 2244.000000
438.162506 2263.000000
438.775012 2279.000000
439.387488 2293.000000
440.000000 2308.000000
440.612506 2323.000000
441.225012 2348.000000
441.837488 2369.000000
442.550000 2391.000000
443.162506 2410.000000
443.775012 2435.000000
444.387488 2460.000000
445.000000 2481.000000
445.612506 2502.000000
446.225012 2526.000000
446.837488 2551.000000
447.550000 2575.000000
448.162506 2600.000000
448.775012 2621.000000
449.387488 2648.000000
450.000000 2676.000000
450.612506 2699.000000
451.225012 2725.000000
451.837488 2750.000000
452.550000 2777.000000
453.162506 2801.000000
453.775012 2827.000000
454.387488 2850.000000
455.000000 2877.000000
455.612506 2896.000000
456.225012 2918.000000
456.837488 2936.000000
457.550000 2958.000000
458.162506 2976.000000
458.775012 2999.000000
459.387488 3019.000000
460.000000 3034.000000
460.612506 3053.000000
461.225012 3070.000000
461.837488 3091.000000
462.550000 3096.000000
463.162506 3118.000000
463.775012 3129.000000
464.387488 3147.000000
465.000000 3158.000000
465.612506 3171.000000
466.225012 3179.000000
466.837488 3185.000000
467.550000 3201.000000
468.162506 3206.000000
468.775012 3220.000000
469.387488 3222.000000
470.000000 3232.000000
470.612506 3244.000000
471.225012 3251.000000
471.837488 3260.000000
472.550000 3265.000000
473.162506 3269.000000
473.775012 3275.000000
474.387488 3279.000000
475.000000 3285.000000
475.612506 3292.000000
476.225012 3292.000000
476.837488 3297.000000
477.550000 3299.000000
478.162506 3302.000000
478.775012 3310.000000
479.387488 3308.000000
480.000000 3312.000000
480.612506 3316.000000
481.225012 3319.000000
481.837488 3317.000000
482.550000 3326.000000
483.162506 3324.000000
483.775012 3330.000000
484.387488 3328.000000
485.000000 3330.000000
485.612506 3335.000000
486.225012 3333.000000
486.837488 3338.000000
487.550000 3344.000000
488.162506 3349.000000
488.775012 3350.000000
489.387488 3357.000000
490.000000 3353.000000
490.612506 3357.000000
491.225012 3356.000000
491.837488 3362.000000
492.550000 3362.000000
493.162506 3370.000000
493.775012 3369.000000
494.387488 3370.000000
495.000000 3377.000000
495.612506 3376.000000
496.225012 3380.000000
496.837488 3380.000000
497.550000 3385.000000
498.162506 3385.000000
498.775012 3381.000000
499.387488 3387.000000
500.000000 3389.000000
500.612506 3395.000000
501.225012 3393.000000
501.837488 3395.000000
502.550000 3393.000000
503.162506 3397.000000
503.775012 3400.000000
504.387488 3407.000000
505.000000 3406.000000
505.612506 3402.000000
506.225012 3403.000000
506.837488 3407.000000
507.550000 3405.000000
508.162506 3402.000000
508.775012 3404.000000
509.387488 3413.000000
510.000000 3412.000000
510.612506 3419.000000
511.225012 3421.000000
511.837488 3421.000000
512.550000 3428.000000
513.162476 3429.000000
513.775012 3437.000000
514.387488 3436.000000
515.000000 3450.000000
515.612476 3741.000000
516.225012 3683.000000
516.837488 3589.000000
517.550000 3580.000000
518.162476 3575.000000
518.775012 3578.000000
519.387488 3589.000000
520.000000 3601.000000
520.612476 3590.000000
521.225012 3586.000000
521.837488 3588.000000
522.550000 3591.000000
523.162476 3590.000000
523.775012 3593.000000
524.387488 3594.000000
525.000000 3603.000000
525.612476 3606.000000
526.225012 3604.000000
526.837488 3594.000000
527.550000 3596.000000
528.162476 3581.000000
528.775012 3579.000000
529.387488 3575.000000
530.000000 3566.000000
530.612476 3557.000000
531.225012 3554.000000
531.837488 3553.000000
532.550000 3551.000000
533.162476 3547.000000
533.775012 3548.000000
534.387488 3543.000000
535.000000 3538.000000
535.612476 3537.000000
536.225012 3533.000000
536.837488 3534.000000
537.550000 3533.000000
538.162476 3534.000000
538.775012 3531.000000
539.387488 3530.000000
540.000000 3531.000000
540.612476 3530.000000
541.225012 3526.000000
541.837488 3527.000000
542.550000 3529.000000
543.162476 3522.000000
543.775012 3524.000000
544.387488 3518.000000
545.000000 3523.000000
545.612476 3522.000000
546.225012 3511.000000
546.837488 3516.000000
547.550000 3511.000000
548.162476 3505.000000
548.775012 3499.000000
549.387488 3502.000000
550.000000 3490.000000
550.612476 3488.000000
551.225012 3471.000000
551.837488 3467.000000
552.550000 3464.000000
553.162476 3460.000000
553.775012 3456.000000
554.387488 3450.000000
555.000000 3446.000000
555.612476 3446.000000
556.225012 3432.000000
556.837488 3426.000000
557.550000 3425.000000
558.162476 3421.000000
558.775012 3414.000000
559.387488 3400.000000
560.000000 3402.000000
560.612476 3392.000000
561.225012 3386.000000
561.837488 3384.000000
562.550000 3373.000000
563.162476 3370.000000
563.775012 3365.000000
564.387488 3365.000000
565.000000 3352.000000
565.612476 3345.000000
566.225012 3339.000000
566.837488 3335.000000
567.550000 3327.000000
568.162476 3328.000000
568.775012 3318.000000
569.387488 3313.000000
570.000000 3306.000000
570.612476 3301.000000
571.225012 3301.000000
571.837488 3290.000000
572.550000 3291.000000
573.162476 3276.000000
573.775012 3275.000000
574.387488 3263.000000
575.000000 3265.000000
575.612476 3259.000000
576.225012 3248.000000
576.837488 3241.000000
577.550000 3234.000000
578.162476 3233.000000
578.775012 3225.000000
579.387488 3220.000000
580.000000 3212.000000
580.612476 3206.000000
581.225012 3203.000000
581.837488 3193.000000
582.550000 3189.000000
583.162476 3180.000000
583.775012 3177.000000
584.387488 3170.000000
585.000000 3163.000000
585.612476 3159.000000
586.225012 3161.000000
586.837488 3156.000000
587.550000 3144.000000
588.162476 3135.000000
588.775012 3134.000000
589.387488 3121.000000
590.000000 3117.000000
590.612476 3112.000000
591.225012 3104.000000
591.837488 3091.000000
592.550000 3084.000000
593.162476 3085.000000
593.775012 3073.000000
594.387488 3068.000000
595.000000 3057.000000
595.612476 3057.000000
596.225012 3051.000000
596.837488 3038.000000
597.550000 3028.000000
598.162476 3026.000000
598.775012 3017.000000
599.387488 3007.000000
600.000000 2998.000000
600.612476 2992.000000
601.225012 2989.000000
601.837488 2981.000000
602.550000 2970.000000
603.162476 2960.000000
603.775012 2959.000000
604.387488 2954.000000
605.000000 2942.000000
605.612476 2936.000000
606.225012 2930.000000
606.837488 2919.000000
607.550000 2916.000000
608.162476 2906.000000
608.775012 2903.000000
609.387488 2894.000000
610.000000 2890.000000
610.612476 2877.000000
611.225012 2873.000000
611.837488 2867.000000
612.550000 2856.000000
613.162476 2850.000000
613.775012 2843.000000
614.387488 2829.000000
615.000000 2826.000000
615.612476 2816.000000
616.225012 2811.000000
616.837488 2802.000000
617.550000 2795.000000
618.162476 2787.000000
618.775012 2780.000000
619.387488 2769.000000
620.000000 2760.000000
620.612476 2752.000000
621.225012 2741.000000
621.837488 2728.000000
622.550000 2717.000000
623.162476 2711.000000
623.775012 2699.000000
624.387488 2688.000000
625.000000 2676.000000
625.612476 2671.000000
626.225012 2660.000000
626.837488 2650.000000
627.550000 2639.000000
628.162476 2630.000000
628.775012 2623.000000
629.387488 2618.000000
630.000000 2605.000000
630.612476 2591.000000
631.225012 2583.000000
631.837488 2572.000000
632.550000 2561.000000
633.162476 2547.000000
633.775012 2539.000000
634.387488 2529.000000
635.000000 2519.000000
635.612476 2509.000000
636.225012 2496.000000
636.837488 2490.000000
637.550000 2480.000000
638.162476 2471.000000
638.775012 2456.000000
639.387488 2449.000000
640.000000 2437.000000
640.612476 2426.000000
641.225012 2418.000000
641.837488 2402.000000
642.550000 2391.000000
643.162476 2381.000000
643.775012 2371.000000
644.387488 2362.000000
645.000000 2349.000000
645.612476 2345.000000
646.225012 2333.000000
646.837488 2322.000000
647.550000 2310.000000
648.162476 2301.000000
648.775012 2291.000000
649.387488 2282.000000
650.000000 2271.000000
650.612476 2261.000000
651.225012 2250.000000
651.837488 2240.000000
652.550000 2230.000000
653.162476 2219.000000
653.775012 2203.000000
654.387488 2192.000000
655.000000 2183.000000
655.612476 2171.000000
656.225012 2162.000000
656.837488 2150.000000
657.550000 2137.000000
658.162476 2131.000000
658.775012 2123.000000
659.387488 2111.000000
660.000000 2099.000000
660.612476 2088.000000
661.225012 2076.000000
661.837488 2065.000000
662.550000 2052.000000
663.162476 2042.000000
663.775012 2030.000000
664.387488 2020.000000
665.000000 2010.000000
665.612476 1999.000000
666.225012 1988.000000
666.837488 1977.000000
667.550000 1966.000000
668.162476 1954.000000
668.775012 1940.000000
669.387488 1933.000000
670.000000 1921.000000
670.612476 1908.000000
671.225012 1898.000000
671.837488 1884.000000
672.550000 1870.000000
673.162476 1856.000000
673.775012 1850.000000
674.387488 1837.000000
675.000000 1826.000000
675.612476 1812.000000
676.225012 1803.000000
676.837488 1791.000000
677.550000 1772.000000
678.162476 1763.000000
678.775012 1749.000000
679.387488 1741.000000
680.000000 1722.000000
680.612476 1715.000000
681.225012 1700.000000
681.837488 1684.000000
682.550000 1665.000000
683.162476 1651.000000
683.775012 1632.000000
684.387488 1617.000000
685.000000 1593.000000
685.612476 1574.000000
686.225012 1550.000000
686.837488 1512.000000
687.550000 1448.000000
688.162476 1473.000000
688.775012 1499.000000
689.387488 1527.000000
690.000000 1559.000000
690.612476 1595.000000
691.225012 1633.000000
691.837488 1678.000000
692.550000 1720.000000
693.162476 1773.000000
693.775012 1826.000000
694.387488 1878.000000
695.000000 1934.000000
695.612476 1984.000000
696.225012 2033.000000
696.837488 2087.000000
697.550000 2133.000000
698.162476 2176.000000
698.775012 2210.000000
699.387488 2245.000000
700.000000 2269.000000
700.612476 2285.000000
701.225012 2305.000000
701.837488 2310.000000
702.550000 2314.000000
703.162476 2310.000000
703.775012 2300.000000
704.387488 2289.000000
705.000000 2263.000000
705.612476 2245.000000
706.225012 2223.000000
706.837488 2195.000000
707.550000 2169.000000
708.162476 2139.000000
708.775012 2112.000000
709.387488 2082.000000
710.000000 2051.000000
710.612476 2020.000000
711.225012 1988.000000
711.837488 1954.000000
712.550000 1923.000000
713.162476 1892.000000
713.775012 1863.000000
714.387488 1832.000000
715.000000 1804.000000
715.612476 1775.000000
716.225012 1750.000000
716.837488 1722.000000
717.550000 1701.000000
718.162476 1671.000000
718.775012 1647.000000
719.387488 1623.000000
720.000000 1602.000000
720.612476 1581.000000
721.225012 1556.000000
721.837488 1533.000000
722.550000 1511.000000
723.162476 1487.000000
723.775012 1467.000000
724.387488 1444.000000
725.000000 1430.000000
725.612476 1416.000000
726.225012 1393.000000
726.837488 1374.000000
727.550000 1357.000000
728.162476 1343.000000
728.775012 1323.000000
729.387488 1309.000000
730.000000 1293.000000
730.612476 1278.000000
731.225012 1261.000000
731.837488 1245.000000
732.550000 1234.000000
733.162476 1217.000000
733.775012 1203.000000
734.387488 1187.000000
735.000000 1177.000000
735.612476 1165.000000
736.225012 1151.000000
736.837488 1138.000000
737.550000 1124.000000
738.162476 1112.000000
738.775012 1099.000000
739.387488 1088.000000
740.000000 1077.000000
740.612476 1065.000000
741.225012 1054.000000
741.837488 1044.000000
742.550000 1031.000000
743.162476 1018.000000
743.775012 1010.000000
744.387488 998.000000
745.000000 991.000000
745.612476 981.000000
746.225012 970.000000
746.837488 961.000000
747.550000 951.000000
748.162476 942.000000
748.775012 931.000000
749.387488 923.000000
750.000000 915.000000
