300.000000 16.000000
300.612506 17.000000
301.225012 18.000000
301.837488 18.000000
302.550000 19.000000
303.162506 20.000000
303.775012 21.000000
304.387488 22.000000
305.000000 22.000000
305.612506 23.000000
306.225012 24.000000
306.837488 25.000000
307.550000 26.000000
308.162506 26.000000
308.775012 28.000000
309.387488 29.000000
310.000000 31.000000
310.612506 32.000000
311.225012 33.000000
311.837488 35.000000
312.550000 36.000000
313.162506 38.000000
313.775012 39.000000
314.387488 41.000000
315.000000 43.000000
315.612506 44.000000
316.225012 47.000000
316.837488 49.000000
317.550000 51.000000
318.162506 53.000000
318.775012 55.000000
319.387488 57.000000
320.000000 59.000000
320.612506 62.000000
321.225012 64.000000
321.837488 67.000000
322.550000 70.000000
323.162506 73.000000
323.775012 75.000000
324.387488 79.000000
325.000000 82.000000
325.612506 84.000000
326.225012 87.000000
326.837488 91.000000
327.550000 93.000000
328.162506 97.000000
328.775012 100.000000
329.387488 104.000000
330.000000 106.000000
330.612506 111.000000
331.225012 116.000000
331.837488 119.000000
332.550000 123.000000
333.162506 127.000000
333.775012 131.000000
334.387488 135.000000
335.000000 138.000000
335.612506 143.000000
336.225012 146.000000
336.837488 152.000000
337.550000 156.000000
338.162506 161.000000
338.775012 164.000000
339.387488 169.000000
340.000000 172.000000
340.612506 179.000000
341.225012 184.000000
341.837488 189.000000
342.550000 195.000000
343.162506 201.000000
343.775012 207.000000
344.387488 213.000000
345.000000 218.000000
345.612506 224.000000
346.225012 230.000000
346.837488 238.000000
347.550000 243.000000
348.162506 249.000000
348.775012 256.000000
349.387488 264.000000
350.000000 269.000000
350.612506 276.000000
351.225012 284.000000
351.837488 292.000000
352.550000 299.000000
353.162506 308.000000
353.775012 315.000000
354.387488 323.000000
355.000000 331.000000
355.612506 339.000000
356.225012 347.000000
356.837488 355.000000
357.550000 364.000000
358.162506 372.000000
358.775012 380.000000
359.387488 388.000000
360.000000 397.000000
360.612506 407.000000
361.225012 416.000000
361.837488 425.000000
362.550000 435.000000
363.162506 444.000000
363.775012 454.000000
364.387488 463.000000
365.000000 472.000000
365.612506 481.000000
366.225012 493.000000
366.837488 502.000000
367.550000 512.000000
368.162506 523.000000
368.775012 534.000000
369.387488 545.000000
370.000000 554.000000
370.612506 565.000000
371.225012 576.000000
371.837488 589.000000
372.550000 598.000000
373.162506 609.000000
373.775012 621.000000
374.387488 630.000000
375.000000 643.000000
375.612506 651.000000
376.225012 664.000000
376.837488 673.000000
377.550000 687.000000
378.162506 698.000000
378.775012 711.000000
379.387488 728.000000
380.000000 738.000000
380.612506 753.000000
381.225012 772.000000
381.837488 790.000000
382.550000 811.000000
383.162506 834.000000
383.775012 851.000000
384.387488 870.000000
385.000000 903.000000
385.612506 911.000000
386.225012 913.000000
386.837488 929.000000
387.550000 948.000000
388.162506 962.000000
388.775012 972.000000
389.387488 981.000000
390.000000 995.000000
390.612506 1008.000000
391.225012 1012.000000
391.837488 1019.000000
392.550000 1034.000000
393.162506 1048.000000
393.775012 1065.000000
394.387488 1078.000000
395.000000 1093.000000
395.612506 1108.000000
396.225012 1126.000000
396.837488 1147.000000
397.550000 1167.000000
398.162506 1183.000000
398.775012 1200.000000
399.387488 1218.000000
400.000000 1237.000000
400.612506 1248.000000
401.225012 1255.000000
401.837488 1273.000000
402.550000 1292.000000
403.162506 1309.000000
403.775012 1328.000000
404.387488 1349.000000
405.000000 1368.000000
405.612506 1384.000000
406.225012 1402.000000
406.837488 1420.000000
407.550000 1424.000000
408.162506 1417.000000
408.775012 1414.000000
409.387488 1424.000000
410.000000 1438.000000
410.612506 1448.000000
411.225012 1459.000000
411.837488 1469.000000
412.550000 1479.000000
413.162506 1487.000000
413.775012 1488.000000
414.387488 1485.000000
415.000000 1498.000000
415.612506 1509.000000
416.225012 1527.000000
416.837488 1535.000000
417.550000 1545.000000
418.162506 1561.000000
418.775012 1586.000000
419.387488 1615.000000
420.000000 1643.000000
420.612506 1673.000000
421.225012 1703.000000
421.837488 1732.000000
422.550000 1763.000000
423.162506 1805.000000
423.775012 1843.000000
424.387488 1880.000000
425.000000 1917.000000
425.612506 1958.000000
426.225012 1995.000000
426.837488 2032.000000
427.550000 2075.000000
428.162506 2111.000000
428.775012 2125.000000
429.387488 2145.000000
430.000000 2170.000000
430.612506 2188.000000
431.225012 2210.000000
431.837488 2230.000000
432.550000 2249.000000
433.162506 2268.000000
433.775012 2277.000000
434.387488 2278.000000
435.000000 2288.000000
435.612506 2301.000000
436.225012 2317.000000
436.837488 2324.000000
437.550000 2341.000000
438.162506 2352.000000
438.775012 2367.000000
439.387488 2381.000000
440.000000 2404.000000
440.612506 2418.000000
441.225012 2438.000000
441.837488 2464.000000
442.550000 2492.000000
443.162506 2512.000000
443.775012 2534.000000
444.387488 2555.000000
445.000000 2580.000000
445.612506 2609.000000
446.225012 2634.000000
446.837488 2664.000000
447.550000 2690.000000
448.162506 2711.000000
448.775012 2747.000000
449.387488 2775.000000
450.000000 2788.000000
450.612506 2812.000000
451.225012 2836.000000
451.837488 2861.000000
452.550000 2890.000000
453.162506 2909.000000
453.775012 2936.000000
454.387488 2965.000000
455.000000 2988.000000
455.612506 3002.000000
456.225012 3018.000000
456.837488 3042.000000
457.550000 3072.000000
458.162506 3097.000000
458.775012 3123.000000
459.387488 3152.000000
460.000000 3178.000000
460.612506 3208.000000
461.225012 3234.000000
461.837488 3281.000000
462.550000 3324.000000
463.162506 3390.000000
463.775012 3414.000000
464.387488 3448.000000
465.000000 3478.000000
465.612506 3461.000000
466.225012 3428.000000
466.837488 3411.000000
467.550000 3379.000000
468.162506 3370.000000
468.775012 3374.000000
469.387488 3373.000000
470.000000 3369.000000
470.612506 3376.000000
471.225012 3375.000000
471.837488 3379.000000
472.550000 3373.000000
473.162506 3374.000000
473.775012 3370.000000
474.387488 3372.000000
475.000000 3371.000000
475.612506 3369.000000
476.225012 3371.000000
476.837488 3361.000000
477.550000 3363.000000
478.162506 3363.000000
478.775012 3350.000000
479.387488 3352.000000
480.000000 3350.000000
480.612506 3343.000000
481.225012 3341.000000
481.837488 3339.000000
482.550000 3338.000000
483.162506 3341.000000
483.775012 3339.000000
484.387488 3335.000000
485.000000 3337.000000
485.612506 3332.000000
486.225012 3335.000000
486.837488 3336.000000
487.550000 3337.000000
488.162506 3338.000000
488.775012 3337.000000
489.387488 3333.000000
490.000000 3337.000000
490.612506 3338.000000
491.225012 3336.000000
491.837488 3340.000000
492.550000 3342.000000
493.162506 3340.000000
493.775012 3337.000000
494.387488 3343.000000
495.000000 3345.000000
495.612506 3348.000000
496.225012 3345.000000
496.837488 3346.000000
497.550000 3345.000000
498.162506 3343.000000
498.775012 3342.000000
499.387488 3348.000000
500.000000 3347.000000
500.612506 3342.000000
501.225012 3344.000000
501.837488 3346.000000
502.550000 3346.000000
503.162506 3346.000000
503.775012 3346.000000
504.387488 3343.000000
505.000000 3346.000000
505.612506 3346.000000
506.225012 3347.000000
506.837488 3349.000000
507.550000 3347.000000
508.162506 3350.000000
508.775012 3347.000000
509.387488 3351.000000
510.000000 3347.000000
510.612506 3351.000000
511.225012 3345.000000
511.837488 3345.000000
512.550000 3350.000000
513.162476 3348.000000
513.775012 3350.000000
514.387488 3346.000000
515.000000 3349.000000
515.612476 3345.000000
516.225012 3346.000000
516.837488 3340.000000
517.550000 3339.000000
518.162476 3345.000000
518.775012 3344.000000
519.387488 3341.000000
520.000000 3341.000000
520.612476 3338.000000
521.225012 3341.000000
521.837488 3340.000000
522.550000 3337.000000
523.162476 3340.000000
523.775012 3332.000000
524.387488 3333.000000
525.000000 3333.000000
525.612476 3331.000000
526.225012 3325.000000
526.837488 3329.000000
527.550000 3328.000000
528.162476 3329.000000
528.775012 3331.000000
529.387488 3331.000000
530.000000 3329.000000
530.612476 3331.000000
531.225012 3326.000000
531.837488 3324.000000
532.550000 3329.000000
533.162476 3321.000000
533.775012 3323.000000
534.387488 3325.000000
535.000000 3318.000000
535.612476 3319.000000
536.225012 3317.000000
536.837488 3311.000000
537.550000 3316.000000
538.162476 3316.000000
538.775012 3314.000000
539.387488 3310.000000
540.000000 3312.000000
540.612476 3314.000000
541.225012 3313.000000
541.837488 3306.000000
542.550000 3312.000000
543.162476 3308.000000
543.775012 3309.000000
544.387488 3310.000000
545.000000 3306.000000
545.612476 3303.000000
546.225012 3304.000000
546.837488 3300.000000
547.550000 3304.000000
548.162476 3302.000000
548.775012 3300.000000
549.387488 3298.000000
550.000000 3300.000000
550.612476 3289.000000
551.225012 3290.000000
551.837488 3292.000000
552.550000 3289.000000
553.162476 3288.000000
553.775012 3285.000000
554.387488 3281.000000
555.000000 3279.000000
555.612476 3277.000000
556.225012 3274.000000
556.837488 3272.000000
557.550000 3268.000000
558.162476 3261.000000
558.775012 3265.000000
559.387488 3260.000000
560.000000 3270.000000
560.612476 3256.000000
561.225012 3258.000000
561.837488 3250.000000
562.550000 3253.000000
563.162476 3250.000000
563.775012 3243.000000
564.387488 3245.000000
565.000000 3245.000000
565.612476 3241.000000
566.225012 3239.000000
566.837488 3240.000000
567.550000 3234.000000
568.162476 3229.000000
568.775012 3225.000000
569.387488 3224.000000
570.000000 3221.000000
570.612476 3222.000000
571.225012 3213.000000
571.837488 3210.000000
572.550000 3209.000000
573.162476 3207.000000
573.775012 3203.000000
574.387488 3196.000000
575.000000 3198.000000
575.612476 3186.000000
576.225012 3183.000000
576.837488 3174.000000
577.550000 3177.000000
578.162476 3167.000000
578.775012 3164.000000
579.387488 3160.000000
580.000000 3156.000000
580.612476 3141.000000
581.225012 3155.000000
581.837488 3150.000000
582.550000 3144.000000
583.162476 3143.000000
583.775012 3135.000000
584.387488 3126.000000
585.000000 3126.000000
585.612476 3115.000000
586.225012 3110.000000
586.837488 3111.000000
587.550000 3103.000000
588.162476 3097.000000
588.775012 3090.000000
589.387488 3087.000000
590.000000 3067.000000
590.612476 3065.000000
591.225012 3052.000000
591.837488 3046.000000
592.550000 3042.000000
593.162476 3032.000000
593.775012 3026.000000
594.387488 3019.000000
595.000000 3014.000000
595.612476 3007.000000
596.225012 3000.000000
596.837488 2993.000000
597.550000 2989.000000
598.162476 2979.000000
598.775012 2972.000000
599.387488 2970.000000
600.000000 2961.000000
600.612476 2955.000000
601.225012 2947.000000
601.837488 2944.000000
602.550000 2934.000000
603.162476 2928.000000
603.775012 2924.000000
604.387488 2916.000000
605.000000 2908.000000
605.612476 2897.000000
606.225012 2895.000000
606.837488 2886.000000
607.550000 2876.000000
608.162476 2869.000000
608.775012 2866.000000
609.387488 2853.000000
610.000000 2847.000000
610.612476 2843.000000
611.225012 2837.000000
611.837488 2829.000000
612.550000 2817.000000
613.162476 2812.000000
613.775012 2802.000000
614.387488 2792.000000
615.000000 2786.000000
615.612476 2778.000000
616.225012 2772.000000
616.837488 2766.000000
617.550000 2756.000000
618.162476 2748.000000
618.775012 2738.000000
619.387488 2735.000000
620.000000 2722.000000
620.612476 2709.000000
621.225012 2701.000000
621.837488 2694.000000
622.550000 2687.000000
623.162476 2678.000000
623.775012 2671.000000
624.387488 2660.000000
625.000000 2653.000000
625.612476 2645.000000
626.225012 2631.000000
626.837488 2623.000000
627.550000 2619.000000
628.162476 2602.000000
628.775012 2602.000000
629.387488 2592.000000
630.000000 2580.000000
630.612476 2574.000000
631.225012 2561.000000
631.837488 2555.000000
632.550000 2545.000000
633.162476 2534.000000
633.775012 2520.000000
634.387488 2514.000000
635.000000 2502.000000
635.612476 2497.000000
636.225012 2490.000000
636.837488 2476.000000
637.550000 2472.000000
638.162476 2462.000000
638.775012 2450.000000
639.387488 2441.000000
640.000000 2434.000000
640.612476 2424.000000
641.225012 2409.000000
641.837488 2400.000000
642.550000 2391.000000
643.162476 2384.000000
643.775012 2371.000000
644.387488 2362.000000
645.000000 2347.000000
645.612476 2339.000000
646.225012 2329.000000
646.837488 2312.000000
647.550000 2309.000000
648.162476 2299.000000
648.775012 2290.000000
649.387488 2281.000000
650.000000 2268.000000
650.612476 2260.000000
651.225012 2247.000000
651.837488 2238.000000
652.550000 2228.000000
653.162476 2218.000000
653.775012 2209.000000
654.387488 2196.000000
655.000000 2187.000000
655.612476 2175.000000
656.225012 2171.000000
656.837488 2160.000000
657.550000 2149.000000
658.162476 2136.000000
658.775012 2126.000000
659.387488 2113.000000
660.000000 2104.000000
660.612476 2094.000000
661.225012 2082.000000
661.837488 2073.000000
662.550000 2058.000000
663.162476 2048.000000
663.775012 2037.000000
664.387488 2029.000000
665.000000 2018.000000
665.612476 2007.000000
666.225012 1995.000000
666.837488 1982.000000
667.550000 1972.000000
668.162476 1962.000000
668.775012 1952.000000
669.387488 1941.000000
670.000000 1928.000000
670.612476 1914.000000
671.225012 1906.000000
671.837488 1894.000000
672.550000 1882.000000
673.162476 1871.000000
673.775012 1860.000000
674.387488 1848.000000
675.000000 1839.000000
675.612476 1825.000000
676.225012 1812.000000
676.837488 1806.000000
677.550000 1794.000000
678.162476 1777.000000
678.775012 1766.000000
679.387488 1759.000000
680.000000 1747.000000
680.612476 1734.000000
681.225012 1721.000000
681.837488 1704.000000
682.550000 1686.000000
683.162476 1675.000000
683.775012 1658.000000
684.387488 1641.000000
685.000000 1622.000000
685.612476 1597.000000
686.225012 1569.000000
686.837488 1537.000000
687.550000 1468.000000
688.162476 1494.000000
688.775012 1522.000000
689.387488 1551.000000
690.000000 1585.000000
690.612476 1622.000000
691.225012 1659.000000
691.837488 1710.000000
692.550000 1752.000000
693.162476 1806.000000
693.775012 1859.000000
694.387488 1916.000000
695.000000 1966.000000
695.612476 2024.000000
696.225012 2076.000000
696.837488 2128.000000
697.550000 2174.000000
698.162476 2218.000000
698.775012 2258.000000
699.387488 2293.000000
700.000000 2318.000000
700.612476 2339.000000
701.225012 2356.000000
701.837488 2358.000000
702.550000 2366.000000
703.162476 2360.000000
703.775012 2349.000000
704.387488 2336.000000
705.000000 2320.000000
705.612476 2297.000000
706.225012 2274.000000
706.837488 2251.000000
707.550000 2221.000000
708.162476 2190.000000
708.775012 2165.000000
709.387488 2135.000000
710.000000 2103.000000
710.612476 2071.000000
711.225012 2037.000000
711.837488 2007.000000
712.550000 1977.000000
713.162476 1947.000000
713.775012 1913.000000
714.387488 1888.000000
715.000000 1864.000000
715.612476 1841.000000
716.225012 1822.000000
716.837488 1802.000000
717.550000 1779.000000
718.162476 1751.000000
718.775012 1725.000000
719.387488 1705.000000
720.000000 1687.000000
720.612476 1678.000000
721.225012 1652.000000
721.837488 1633.000000
722.550000 1600.000000
723.162476 1577.000000
723.775012 1542.000000
724.387488 1521.000000
725.000000 1496.000000
725.612476 1478.000000
726.225012 1462.000000
726.837488 1436.000000
727.550000 1420.000000
728.162476 1405.000000
728.775012 1399.000000
729.387488 1378.000000
730.000000 1357.000000
730.612476 1333.000000
731.225012 1314.000000
731.837488 1298.000000
732.550000 1286.000000
733.162476 1275.000000
733.775012 1261.000000
734.387488 1244.000000
735.000000 1237.000000
735.612476 1220.000000
736.225012 1207.000000
736.837488 1190.000000
737.550000 1177.000000
738.162476 1167.000000
738.775012 1158.000000
739.387488 1139.000000
740.000000 1121.000000
740.612476 1110.000000
741.225012 1098.000000
741.837488 1086.000000
742.550000 1071.000000
743.162476 1056.000000
743.775012 1048.000000
744.387488 1038.000000
745.000000 1027.000000
745.612476 1021.000000
746.225012 1010.000000
746.837488 1001.000000
747.550000 995.000000
748.162476 982.000000
748.775012 971.000000
749.387488 959.000000
750.000000 950.000000
