310.000000 66.000000
310.612506 70.000000
311.225012 73.000000
311.837488 77.000000
312.550000 82.000000
313.162506 86.000000
313.775012 89.000000
314.387488 93.000000
315.000000 98.000000
315.612506 100.000000
316.225012 105.000000
316.837488 111.000000
317.550000 114.000000
318.162506 119.000000
318.775012 123.000000
319.387488 128.000000
320.000000 133.000000
320.612506 137.000000
321.225012 144.000000
321.837488 148.000000
322.550000 154.000000
323.162506 159.000000
323.775012 163.000000
324.387488 167.000000
325.000000 174.000000
325.612506 177.000000
326.225012 181.000000
326.837488 187.000000
327.550000 190.000000
328.162506 197.000000
328.775012 202.000000
329.387488 207.000000
330.000000 213.000000
330.612506 217.000000
331.225012 223.000000
331.837488 228.000000
332.550000 234.000000
333.162506 238.000000
333.775012 244.000000
334.387488 250.000000
335.000000 255.000000
335.612506 258.000000
336.225012 266.000000
336.837488 270.000000
337.550000 273.000000
338.162506 279.000000
338.775012 286.000000
339.387488 288.000000
340.000000 295.000000
340.612506 301.000000
341.225012 309.000000
341.837488 313.000000
342.550000 318.000000
343.162506 325.000000
343.775012 332.000000
344.387488 337.000000
345.000000 342.000000
345.612506 348.000000
346.225012 356.000000
346.837488 360.000000
347.550000 367.000000
348.162506 376.000000
348.775012 377.000000
349.387488 385.000000
350.000000 389.000000
350.612506 396.000000
351.225012 404.000000
351.837488 410.000000
352.550000 417.000000
353.162506 421.000000
353.775012 426.000000
354.387488 433.000000
355.000000 436.000000
355.612506 444.000000
356.225012 447.000000
356.837488 454.000000
357.550000 458.000000
358.162506 459.000000
358.775012 463.000000
359.387488 466.000000
360.000000 472.000000
360.612506 477.000000
361.225012 480.000000
361.837488 484.000000
362.550000 491.000000
363.162506 493.000000
363.775012 496.000000
364.387488 500.000000
365.000000 504.000000
365.612506 508.000000
366.225012 512.000000
366.837488 512.000000
367.550000 517.000000
368.162506 519.000000
368.775012 523.000000
369.387488 529.000000
370.000000 537.000000
370.612506 536.000000
371.225012 543.000000
371.837488 545.000000
372.550000 547.000000
373.162506 548.000000
373.775012 547.000000
374.387488 550.000000
375.000000 553.000000
375.612506 554.000000
376.225012 558.000000
376.837488 557.000000
377.550000 557.000000
378.162506 559.000000
378.775012 563.000000
379.387488 564.000000
380.000000 564.000000
380.612506 557.000000
381.225012 560.000000
381.837488 562.000000
382.550000 565.000000
383.162506 566.000000
383.775012 569.000000
384.387488 570.000000
385.000000 574.000000
385.612506 576.000000
386.225012 577.000000
386.837488 578.000000
387.550000 579.000000
388.162506 584.000000
388.775012 582.000000
389.387488 586.000000
390.000000 588.000000
390.612506 590.000000
391.225012 595.000000
391.837488 597.000000
392.550000 598.000000
393.162506 602.000000
393.775012 603.000000
394.387488 606.000000
395.000000 608.000000
395.612506 611.000000
396.225012 612.000000
396.837488 615.000000
397.550000 619.000000
398.162506 621.000000
398.775012 622.000000
399.387488 625.000000
400.000000 630.000000
400.612506 632.000000
401.225012 634.000000
401.837488 639.000000
402.550000 643.000000
403.162506 642.000000
403.775012 645.000000
404.387488 645.000000
405.000000 649.000000
405.612506 654.000000
406.225012 658.000000
406.837488 661.000000
407.550000 664.000000
408.162506 663.000000
408.775012 667.000000
409.387488 670.000000
410.000000 672.000000
410.612506 674.000000
411.225012 679.000000
411.837488 678.000000
412.550000 679.000000
413.162506 679.000000
413.775012 682.000000
414.387488 679.000000
415.000000 684.000000
415.612506 685.000000
416.225012 692.000000
416.837488 694.000000
417.550000 697.000000
418.162506 705.000000
418.775012 714.000000
419.387488 724.000000
420.000000 737.000000
420.612506 748.000000
421.225012 765.000000
421.837488 778.000000
422.550000 793.000000
423.162506 808.000000
423.775012 831.000000
424.387488 842.000000
425.000000 858.000000
425.612506 876.000000
426.225012 890.000000
426.837488 904.000000
427.550000 920.000000
428.162506 935.000000
428.775012 950.000000
429.387488 959.000000
430.000000 969.000000
430.612506 986.000000
431.225012 995.000000
431.837488 1007.000000
432.550000 1019.000000
433.162506 1027.000000
433.775012 1038.000000
434.387488 1049.000000
435.000000 1062.000000
435.612506 1072.000000
436.225012 1082.000000
436.837488 1099.000000
437.550000 1113.000000
438.162506 1128.000000
438.775012 1145.000000
439.387488 1158.000000
440.000000 1173.000000
440.612506 1194.000000
441.225012 1213.000000
441.837488 1230.000000
442.550000 1256.000000
443.162506 1275.000000
443.775012 1295.000000
444.387488 1312.000000
445.000000 1334.000000
445.612506 1359.000000
446.225012 1380.000000
446.837488 1401.000000
447.550000 1422.000000
448.162506 1447.000000
448.775012 1466.000000
449.387488 1490.000000
450.000000 1511.000000
450.612506 1528.000000
451.225012 1550.000000
451.837488 1574.000000
452.550000 1595.000000
453.162506 1613.000000
453.775012 1635.000000
454.387488 1652.000000
455.000000 1666.000000
455.612506 1686.000000
456.225012 1703.000000
456.837488 1720.000000
457.550000 1737.000000
458.162506 1749.000000
458.775012 1759.000000
459.387488 1770.000000
460.000000 1774.000000
460.612506 1787.000000
461.225012 1804.000000
461.837488 1801.000000
462.550000 1809.000000
463.162506 1823.000000
463.775012 1840.000000
464.387488 1839.000000
465.000000 1852.000000
465.612506 1859.000000
466.225012 1861.000000
466.837488 1861.000000
467.550000 1855.000000
468.162506 1841.000000
468.775012 1839.000000
469.387488 1863.000000
470.000000 1877.000000
470.612506 1878.000000
471.225012 1887.000000
471.837488 1890.000000
472.550000 1892.000000
473.162506 1900.000000
473.775012 1895.000000
474.387488 1885.000000
475.000000 1863.000000
475.612506 1869.000000
476.225012 1851.000000
476.837488 1855.000000
477.550000 1880.000000
478.162506 1885.000000
478.775012 1883.000000
479.387488 1885.000000
480.000000 1879.000000
480.612506 1879.000000
481.225012 1875.000000
481.837488 1874.000000
482.550000 1869.000000
483.162506 1865.000000
483.775012 1863.000000
484.387488 1864.000000
485.000000 1855.000000
485.612506 1853.000000
486.225012 1844.000000
486.837488 1842.000000
487.550000 1842.000000
488.162506 1832.000000
488.775012 1826.000000
489.387488 1816.000000
490.000000 1818.000000
490.612506 1809.000000
491.225012 1798.000000
491.837488 1798.000000
492.550000 1788.000000
493.162506 1781.000000
493.775012 1771.000000
494.387488 1774.000000
495.000000 1766.000000
495.612506 1757.000000
496.225012 1748.000000
496.837488 1740.000000
497.550000 1732.000000
498.162506 1727.000000
498.775012 1717.000000
499.387488 1710.000000
500.000000 1702.000000
500.612506 1696.000000
501.225012 1689.000000
501.837488 1674.000000
502.550000 1665.000000
503.162506 1654.000000
503.775012 1644.000000
504.387488 1637.000000
505.000000 1627.000000
505.612506 1620.000000
506.225012 1613.000000
506.837488 1609.000000
507.550000 1592.000000
508.162506 1583.000000
508.775012 1577.000000
509.387488 1565.000000
510.000000 1560.000000
510.612506 1555.000000
511.225012 1543.000000
511.837488 1528.000000
512.550000 1519.000000
513.162476 1508.000000
513.775012 1505.000000
514.387488 1487.000000
515.000000 1479.000000
515.612476 1469.000000
516.225012 1462.000000
516.837488 1452.000000
517.550000 1441.000000
518.162476 1430.000000
518.775012 1425.000000
519.387488 1411.000000
520.000000 1405.000000
520.612476 1394.000000
521.225012 1385.000000
521.837488 1380.000000
522.550000 1369.000000
523.162476 1362.000000
523.775012 1355.000000
524.387488 1342.000000
525.000000 1340.000000
525.612476 1325.000000
526.225012 1319.000000
526.837488 1306.000000
527.550000 1301.000000
528.162476 1291.000000
528.775012 1285.000000
529.387488 1280.000000
530.000000 1278.000000
530.612476 1268.000000
531.225012 1258.000000
531.837488 1255.000000
532.550000 1243.000000
533.162476 1237.000000
533.775012 1230.000000
534.387488 1222.000000
535.000000 1213.000000
535.612476 1207.000000
536.225012 1203.000000
536.837488 1195.000000
537.550000 1191.000000
538.162476 1185.000000
538.775012 1181.000000
539.387488 1176.000000
540.000000 1168.000000
540.612476 1162.000000
541.225012 1155.000000
541.837488 1153.000000
542.550000 1147.000000
543.162476 1146.000000
543.775012 1144.000000
544.387488 1135.000000
545.000000 1130.000000
545.612476 1130.000000
546.225012 1130.000000
546.837488 1120.000000
547.550000 1123.000000
548.162476 1115.000000
548.775012 1113.000000
549.387488 1112.000000
550.000000 1108.000000
550.612476 1106.000000
551.225012 1105.000000
551.837488 1100.000000
552.550000 1101.000000
553.162476 1099.000000
553.775012 1096.000000
554.387488 1094.000000
555.000000 1092.000000
555.612476 1094.000000
556.225012 1093.000000
556.837488 1090.000000
557.550000 1091.000000
558.162476 1086.000000
558.775012 1091.000000
559.387488 1087.000000
560.000000 1090.000000
560.612476 1089.000000
561.225012 1093.000000
561.837488 1093.000000
562.550000 1093.000000
563.162476 1094.000000
563.775012 1097.000000
564.387488 1096.000000
565.000000 1098.000000
565.612476 1102.000000
566.225012 1104.000000
566.837488 1110.000000
567.550000 1106.000000
568.162476 1109.000000
568.775012 1113.000000
569.387488 1114.000000
570.000000 1114.000000
570.612476 1120.000000
571.225012 1120.000000
571.837488 1131.000000
572.550000 1130.000000
573.162476 1133.000000
573.775012 1143.000000
574.387488 1143.000000
575.000000 1149.000000
575.612476 1154.000000
576.225012 1156.000000
576.837488 1166.000000
577.550000 1169.000000
578.162476 1178.000000
578.775012 1179.000000
579.387488 1186.000000
580.000000 1191.000000
580.612476 1197.000000
581.225012 1205.000000
581.837488 1212.000000
582.550000 1216.000000
583.162476 1222.000000
583.775012 1227.000000
584.387488 1231.000000
585.000000 1246.000000
585.612476 1246.000000
586.225012 1261.000000
586.837488 1266.000000
587.550000 1275.000000
588.162476 1284.000000
588.775012 1287.000000
589.387488 1296.000000
590.000000 1301.000000
590.612476 1312.000000
591.225012 1319.000000
591.837488 1328.000000
592.550000 1338.000000
593.162476 1343.000000
593.775012 1352.000000
594.387488 1358.000000
595.000000 1370.000000
595.612476 1375.000000
596.225012 1385.000000
596.837488 1392.000000
597.550000 1399.000000
598.162476 1411.000000
598.775012 1410.000000
599.387488 1422.000000
600.000000 1422.000000
600.612476 1434.000000
601.225012 1438.000000
601.837488 1446.000000
602.550000 1452.000000
603.162476 1463.000000
603.775012 1466.000000
604.387488 1469.000000
605.000000 1476.000000
605.612476 1478.000000
606.225012 1479.000000
606.837488 1485.000000
607.550000 1489.000000
608.162476 1494.000000
608.775012 1496.000000
609.387488 1498.000000
610.000000 1503.000000
610.612476 1499.000000
611.225012 1501.000000
611.837488 1506.000000
612.550000 1511.000000
613.162476 1508.000000
613.775012 1511.000000
614.387488 1515.000000
615.000000 1513.000000
615.612476 1511.000000
616.225012 1513.000000
616.837488 1513.000000
617.550000 1515.000000
618.162476 1519.000000
618.775012 1517.000000
619.387488 1515.000000
620.000000 1515.000000
620.612476 1513.000000
621.225012 1509.000000
621.837488 1504.000000
622.550000 1503.000000
623.162476 1503.000000
623.775012 1495.000000
624.387488 1501.000000
625.000000 1489.000000
625.612476 1490.000000
626.225012 1488.000000
626.837488 1484.000000
627.550000 1479.000000
628.162476 1477.000000
628.775012 1476.000000
629.387488 1471.000000
630.000000 1471.000000
630.612476 1468.000000
631.225012 1459.000000
631.837488 1456.000000
632.550000 1456.000000
633.162476 1447.000000
633.775012 1443.000000
634.387488 1440.000000
635.000000 1431.000000
635.612476 1429.000000
636.225012 1425.000000
636.837488 1419.000000
637.550000 1416.000000
638.162476 1413.000000
638.775012 1406.000000
639.387488 1404.000000
640.000000 1401.000000
640.612476 1392.000000
641.225012 1388.000000
641.837488 1385.000000
642.550000 1382.000000
643.162476 1372.000000
643.775012 1367.000000
644.387488 1362.000000
645.000000 1356.000000
645.612476 1351.000000
646.225012 1347.000000
646.837488 1341.000000
647.550000 1331.000000
648.162476 1326.000000
648.775012 1322.000000
649.387488 1317.000000
650.000000 1315.000000
