300.000000 16.000000
300.612506 17.000000
301.225012 18.000000
301.837488 19.000000
302.550000 20.000000
303.162506 21.000000
303.775012 22.000000
304.387488 23.000000
305.000000 24.000000
305.612506 25.000000
306.225012 26.000000
306.837488 28.000000
307.550000 28.000000
308.162506 31.000000
308.775012 32.000000
309.387488 33.000000
310.000000 35.000000
310.612506 36.000000
311.225012 37.000000
311.837488 39.000000
312.550000 40.000000
313.162506 42.000000
313.775012 44.000000
314.387488 45.000000
315.000000 47.000000
315.612506 49.000000
316.225012 51.000000
316.837488 52.000000
317.550000 54.000000
318.162506 56.000000
318.775012 58.000000
319.387488 60.000000
320.000000 61.000000
320.612506 63.000000
321.225012 65.000000
321.837488 67.000000
322.550000 70.000000
323.162506 71.000000
323.775012 73.000000
324.387488 75.000000
325.000000 77.000000
325.612506 79.000000
326.225012 81.000000
326.837488 83.000000
327.550000 85.000000
328.162506 87.000000
328.775012 89.000000
329.387488 91.000000
330.000000 93.000000
330.612506 95.000000
331.225012 97.000000
331.837488 100.000000
332.550000 102.000000
333.162506 104.000000
333.775012 105.000000
334.387488 107.000000
335.000000 109.000000
335.612506 112.000000
336.225012 113.000000
336.837488 115.000000
337.550000 117.000000
338.162506 119.000000
338.775012 121.000000
339.387488 122.000000
340.000000 124.000000
340.612506 126.000000
341.225012 128.000000
341.837488 130.000000
342.550000 133.000000
343.162506 135.000000
343.775012 136.000000
344.387488 138.000000
345.000000 140.000000
345.612506 142.000000
346.225012 144.000000
346.837488 146.000000
347.550000 147.000000
348.162506 150.000000
348.775012 150.000000
349.387488 151.000000
350.000000 154.000000
350.612506 156.000000
351.225012 156.000000
351.837488 157.000000
352.550000 160.000000
353.162506 161.000000
353.775012 162.000000
354.387488 163.000000
355.000000 163.000000
355.612506 164.000000
356.225012 165.000000
356.837488 165.000000
357.550000 165.000000
358.162506 165.000000
358.775012 165.000000
359.387488 165.000000
360.000000 165.000000
360.612506 165.000000
361.225012 164.000000
361.837488 164.000000
362.550000 163.000000
363.162506 162.000000
363.775012 161.000000
364.387488 159.000000
365.000000 158.000000
365.612506 156.000000
366.225012 156.000000
366.837488 153.000000
367.550000 152.000000
368.162506 151.000000
368.775012 147.000000
369.387488 146.000000
370.000000 144.000000
370.612506 142.000000
371.225012 139.000000
371.837488 137.000000
372.550000 134.000000
373.162506 132.000000
373.775012 129.000000
374.387488 126.000000
375.000000 124.000000
375.612506 121.000000
376.225012 118.000000
376.837488 116.000000
377.550000 113.000000
378.162506 110.000000
378.775012 108.000000
379.387488 105.000000
380.000000 104.000000
380.612506 101.000000
381.225012 98.000000
381.837488 97.000000
382.550000 94.000000
383.162506 91.000000
383.775012 90.000000
384.387488 87.000000
385.000000 85.000000
385.612506 84.000000
386.225012 82.000000
386.837488 80.000000
387.550000 79.000000
388.162506 77.000000
388.775012 75.000000
389.387488 75.000000
390.000000 73.000000
390.612506 71.000000
391.225012 70.000000
391.837488 69.000000
392.550000 69.000000
393.162506 67.000000
393.775012 66.000000
394.387488 66.000000
395.000000 64.000000
395.612506 64.000000
396.225012 63.000000
396.837488 63.000000
397.550000 62.000000
398.162506 62.000000
398.775012 61.000000
399.387488 62.000000
400.000000 61.000000
400.612506 61.000000
401.225012 60.000000
401.837488 61.000000
402.550000 61.000000
403.162506 61.000000
403.775012 61.000000
404.387488 62.000000
405.000000 62.000000
405.612506 63.000000
406.225012 63.000000
406.837488 64.000000
407.550000 65.000000
408.162506 66.000000
408.775012 67.000000
409.387488 67.000000
410.000000 68.000000
410.612506 69.000000
411.225012 71.000000
411.837488 72.000000
412.550000 73.000000
413.162506 75.000000
413.775012 76.000000
414.387488 78.000000
415.000000 79.000000
415.612506 82.000000
416.225012 83.000000
416.837488 85.000000
417.550000 87.000000
418.162506 90.000000
418.775012 93.000000
419.387488 96.000000
420.000000 100.000000
420.612506 104.000000
421.225012 108.000000
421.837488 113.000000
422.550000 117.000000
423.162506 122.000000
423.775012 128.000000
424.387488 134.000000
425.000000 139.000000
425.612506 145.000000
426.225012 150.000000
426.837488 156.000000
427.550000 164.000000
428.162506 170.000000
428.775012 176.000000
429.387488 182.000000
430.000000 190.000000
430.612506 195.000000
431.225012 200.000000
431.837488 210.000000
432.550000 217.000000
433.162506 224.000000
433.775012 232.000000
434.387488 239.000000
435.000000 247.000000
435.612506 256.000000
436.225012 264.000000
436.837488 274.000000
437.550000 283.000000
438.162506 292.000000
438.775012 301.000000
439.387488 313.000000
440.000000 322.000000
440.612506 332.000000
441.225012 346.000000
441.837488 357.000000
442.550000 369.000000
443.162506 380.000000
443.775012 392.000000
444.387488 404.000000
445.000000 418.000000
445.612506 429.000000
446.225012 443.000000
446.837488 455.000000
447.550000 466.000000
448.162506 478.000000
448.775012 490.000000
449.387488 501.000000
450.000000 514.000000
450.612506 525.000000
451.225012 538.000000
451.837488 550.000000
452.550000 562.000000
453.162506 573.000000
453.775012 583.000000
454.387488 594.000000
455.000000 604.000000
455.612506 612.000000
456.225012 621.000000
456.837488 629.000000
457.550000 637.000000
458.162506 645.000000
458.775012 653.000000
459.387488 659.000000
460.000000 661.000000
460.612506 669.000000
461.225012 675.000000
461.837488 679.000000
462.550000 684.000000
463.162506 688.000000
463.775012 693.000000
464.387488 700.000000
465.000000 704.000000
465.612506 709.000000
466.225012 711.000000
466.837488 712.000000
467.550000 709.000000
468.162506 699.000000
468.775012 697.000000
469.387488 711.000000
470.000000 721.000000
470.612506 728.000000
471.225012 730.000000
471.837488 732.000000
472.550000 735.000000
473.162506 734.000000
473.775012 735.000000
474.387488 727.000000
475.000000 711.000000
475.612506 716.000000
476.225012 706.000000
476.837488 707.000000
477.550000 722.000000
478.162506 728.000000
478.775012 730.000000
479.387488 728.000000
480.000000 725.000000
480.612506 727.000000
481.225012 721.000000
481.837488 721.000000
482.550000 720.000000
483.162506 718.000000
483.775012 717.000000
484.387488 714.000000
485.000000 713.000000
485.612506 713.000000
486.225012 708.000000
486.837488 706.000000
487.550000 701.000000
488.162506 699.000000
488.775012 697.000000
489.387488 692.000000
490.000000 690.000000
490.612506 684.000000
491.225012 682.000000
491.837488 679.000000
492.550000 674.000000
493.162506 672.000000
493.775012 666.000000
494.387488 666.000000
495.000000 659.000000
495.612506 655.000000
496.225012 651.000000
496.837488 648.000000
497.550000 645.000000
498.162506 639.000000
498.775012 636.000000
499.387488 632.000000
500.000000 626.000000
500.612506 623.000000
501.225012 615.000000
501.837488 611.000000
502.550000 608.000000
503.162506 602.000000
503.775012 595.000000
504.387488 592.000000
505.000000 587.000000
505.612506 582.000000
506.225012 576.000000
506.837488 571.000000
507.550000 567.000000
508.162506 560.000000
508.775012 556.000000
509.387488 551.000000
510.000000 545.000000
510.612506 540.000000
511.225012 535.000000
511.837488 529.000000
512.550000 522.000000
513.162476 519.000000
513.775012 511.000000
514.387488 505.000000
515.000000 501.000000
515.612476 496.000000
516.225012 491.000000
516.837488 487.000000
517.550000 481.000000
518.162476 477.000000
518.775012 472.000000
519.387488 466.000000
520.000000 464.000000
520.612476 456.000000
521.225012 453.000000
521.837488 445.000000
522.550000 441.000000
523.162476 437.000000
523.775012 432.000000
524.387488 427.000000
525.000000 422.000000
525.612476 418.000000
526.225012 414.000000
526.837488 410.000000
527.550000 406.000000
528.162476 401.000000
528.775012 399.000000
529.387488 393.000000
530.000000 387.000000
530.612476 384.000000
531.225012 381.000000
531.837488 377.000000
532.550000 374.000000
533.162476 370.000000
533.775012 367.000000
534.387488 363.000000
535.000000 359.000000
535.612476 357.000000
536.225012 354.000000
536.837488 350.000000
537.550000 348.000000
538.162476 345.000000
538.775012 343.000000
539.387488 339.000000
540.000000 337.000000
540.612476 334.000000
541.225012 332.000000
541.837488 329.000000
542.550000 326.000000
543.162476 325.000000
543.775012 323.000000
544.387488 323.000000
545.000000 320.000000
545.612476 319.000000
546.225012 317.000000
546.837488 316.000000
547.550000 315.000000
548.162476 315.000000
548.775012 314.000000
549.387488 312.000000
550.000000 312.000000
550.612476 311.000000
551.225012 310.000000
551.837488 310.000000
552.550000 310.000000
553.162476 309.000000
553.775012 308.000000
554.387488 308.000000
555.000000 310.000000
555.612476 307.000000
556.225012 309.000000
556.837488 310.000000
557.550000 309.000000
558.162476 310.000000
558.775012 311.000000
559.387488 312.000000
560.000000 313.000000
560.612476 314.000000
561.225012 314.000000
561.837488 315.000000
562.550000 317.000000
563.162476 319.000000
563.775012 320.000000
564.387488 322.000000
565.000000 323.000000
565.612476 324.000000
566.225012 326.000000
566.837488 328.000000
567.550000 331.000000
568.162476 333.000000
568.775012 335.000000
569.387488 340.000000
570.000000 341.000000
570.612476 343.000000
571.225012 346.000000
571.837488 350.000000
572.550000 351.000000
573.162476 355.000000
573.775012 360.000000
574.387488 361.000000
575.000000 364.000000
575.612476 368.000000
576.225012 370.000000
576.837488 376.000000
577.550000 380.000000
578.162476 384.000000
578.775012 388.000000
579.387488 391.000000
580.000000 394.000000
580.612476 401.000000
581.225012 405.000000
581.837488 407.000000
582.550000 411.000000
583.162476 417.000000
583.775012 423.000000
584.387488 427.000000
585.000000 431.000000
585.612476 436.000000
586.225012 440.000000
586.837488 446.000000
587.550000 452.000000
588.162476 457.000000
588.775012 461.000000
589.387488 466.000000
590.000000 473.000000
590.612476 477.000000
591.225012 481.000000
591.837488 485.000000
592.550000 489.000000
593.162476 493.000000
593.775012 499.000000
594.387488 503.000000
595.000000 509.000000
595.612476 512.000000
596.225012 517.000000
596.837488 520.000000
597.550000 524.000000
598.162476 528.000000
598.775012 534.000000
599.387488 541.000000
600.000000 548.000000
600.612476 553.000000
601.225012 558.000000
601.837488 563.000000
602.550000 566.000000
603.162476 570.000000
603.775012 575.000000
604.387488 577.000000
605.000000 580.000000
605.612476 584.000000
606.225012 587.000000
606.837488 590.000000
607.550000 592.000000
608.162476 596.000000
608.775012 598.000000
609.387488 602.000000
610.000000 605.000000
610.612476 606.000000
611.225012 609.000000
611.837488 608.000000
612.550000 609.000000
613.162476 610.000000
613.775012 612.000000
614.387488 614.000000
615.000000 614.000000
615.612476 615.000000
616.225012 620.000000
616.837488 616.000000
617.550000 619.000000
618.162476 619.000000
618.775012 620.000000
619.387488 621.000000
620.000000 622.000000
620.612476 622.000000
621.225012 621.000000
621.837488 620.000000
622.550000 619.000000
623.162476 621.000000
623.775012 619.000000
624.387488 619.000000
625.000000 616.000000
625.612476 617.000000
626.225012 615.000000
626.837488 615.000000
627.550000 614.000000
628.162476 612.000000
628.775012 610.000000
629.387488 611.000000
630.000000 610.000000
630.612476 608.000000
631.225012 608.000000
631.837488 606.000000
632.550000 604.000000
633.162476 603.000000
633.775012 599.000000
634.387488 598.000000
635.000000 595.000000
635.612476 594.000000
636.225012 591.000000
636.837488 589.000000
637.550000 587.000000
638.162476 585.000000
638.775012 584.000000
639.387488 580.000000
640.000000 579.000000
640.612476 577.000000
641.225012 577.000000
641.837488 576.000000
642.550000 572.000000
643.162476 572.000000
643.775012 568.000000
644.387488 565.000000
645.000000 564.000000
645.612476 562.000000
646.225012 560.000000
646.837488 557.000000
647.550000 552.000000
648.162476 553.000000
648.775012 549.000000
649.387488 548.000000
650.000000 544.000000
650.612476 544.000000
651.225012 540.000000
651.837488 541.000000
652.550000 538.000000
653.162476 536.000000
653.775012 535.000000
654.387488 531.000000
655.000000 529.000000
655.612476 527.000000
656.225012 523.000000
656.837488 521.000000
657.550000 518.000000
658.162476 514.000000
658.775012 509.000000
659.387488 505.000000
660.000000 502.000000
660.612476 501.000000
661.225012 500.000000
661.837488 499.000000
662.550000 496.000000
663.162476 494.000000
663.775012 492.000000
664.387488 491.000000
665.000000 489.000000
665.612476 485.000000
666.225012 483.000000
666.837488 480.000000
667.550000 476.000000
668.162476 476.000000
668.775012 470.000000
669.387488 470.000000
670.000000 466.000000
670.612476 465.000000
671.225012 463.000000
671.837488 458.000000
672.550000 456.000000
673.162476 456.000000
673.775012 452.000000
674.387488 450.000000
675.000000 447.000000
675.612476 444.000000
676.225012 444.000000
676.837488 440.000000
677.550000 439.000000
678.162476 434.000000
678.775012 433.000000
679.387488 431.000000
680.000000 427.000000
680.612476 427.000000
681.225012 423.000000
681.837488 419.000000
682.550000 416.000000
683.162476 410.000000
683.775012 407.000000
684.387488 403.000000
685.000000 399.000000
685.612476 393.000000
686.225012 386.000000
686.837488 377.000000
687.550000 362.000000
688.162476 368.000000
688.775012 375.000000
689.387488 383.000000
690.000000 392.000000
690.612476 401.000000
691.225012 411.000000
691.837488 421.000000
692.550000 429.000000
693.162476 429.000000
693.775012 454.000000
694.387488 439.000000
695.000000 485.000000
695.612476 502.000000
696.225012 515.000000
696.837488 530.000000
697.550000 540.000000
698.162476 551.000000
698.775012 558.000000
699.387488 566.000000
700.000000 569.000000
700.612476 574.000000
701.225012 576.000000
701.837488 577.000000
702.550000 577.000000
703.162476 576.000000
703.775012 573.000000
704.387488 571.000000
705.000000 564.000000
705.612476 560.000000
706.225012 553.000000
706.837488 547.000000
707.550000 539.000000
708.162476 534.000000
708.775012 525.000000
709.387488 519.000000
710.000000 512.000000
710.612476 504.000000
711.225012 494.000000
711.837488 487.000000
712.550000 477.000000
713.162476 469.000000
713.775012 462.000000
714.387488 452.000000
715.000000 446.000000
715.612476 439.000000
716.225012 433.000000
716.837488 426.000000
717.550000 419.000000
718.162476 410.000000
718.775012 404.000000
719.387488 398.000000
720.000000 393.000000
720.612476 387.000000
721.225012 382.000000
721.837488 379.000000
722.550000 374.000000
723.162476 368.000000
723.775012 363.000000
724.387488 359.000000
725.000000 355.000000
725.612476 351.000000
726.225012 347.000000
726.837488 342.000000
727.550000 337.000000
728.162476 333.000000
728.775012 329.000000
729.387488 325.000000
730.000000 321.000000
730.612476 317.000000
731.225012 313.000000
731.837488 309.000000
732.550000 304.000000
733.162476 303.000000
733.775012 299.000000
734.387488 295.000000
735.000000 292.000000
735.612476 289.000000
736.225012 285.000000
736.837488 283.000000
737.550000 280.000000
738.162476 277.000000
738.775012 275.000000
739.387488 273.000000
740.000000 270.000000
740.612476 267.000000
741.225012 264.000000
741.837488 261.000000
742.550000 257.000000
743.162476 255.000000
743.775012 253.000000
744.387488 250.000000
745.000000 247.000000
745.612476 245.000000
746.225012 242.000000
746.837488 240.000000
747.550000 238.000000
748.162476 234.000000
748.775012 232.000000
749.387488 231.000000
750.000000 227.000000
