300.000000 46.000000
300.612506 50.000000
301.225012 54.000000
301.837488 58.000000
302.550000 61.000000
303.162506 66.000000
303.775012 71.000000
304.387488 75.000000
305.000000 79.000000
305.612506 84.000000
306.225012 89.000000
306.837488 92.000000
307.550000 99.000000
308.162506 103.000000
308.775012 108.000000
309.387488 114.000000
310.000000 121.000000
310.612506 126.000000
311.225012 133.000000
311.837488 138.000000
312.550000 146.000000
313.162506 152.000000
313.775012 159.000000
314.387488 164.000000
315.000000 170.000000
315.612506 178.000000
316.225012 185.000000
316.837488 191.000000
317.550000 199.000000
318.162506 206.000000
318.775012 212.000000
319.387488 218.000000
320.000000 228.000000
320.612506 235.000000
321.225012 242.000000
321.837488 251.000000
322.550000 258.000000
323.162506 266.000000
323.775012 275.000000
324.387488 281.000000
325.000000 288.000000
325.612506 299.000000
326.225012 306.000000
326.837488 314.000000
327.550000 322.000000
328.162506 335.000000
328.775012 338.000000
329.387488 344.000000
330.000000 353.000000
330.612506 360.000000
331.225012 366.000000
331.837488 379.000000
332.550000 387.000000
333.162506 392.000000
333.775012 404.000000
334.387488 409.000000
335.000000 420.000000
335.612506 428.000000
336.225012 434.000000
336.837488 440.000000
337.550000 451.000000
338.162506 454.000000
338.775012 462.000000
339.387488 469.000000
340.000000 479.000000
340.612506 490.000000
341.225012 495.000000
341.837488 503.000000
342.550000 509.000000
343.162506 520.000000
343.775012 530.000000
344.387488 535.000000
345.000000 544.000000
345.612506 554.000000
346.225012 562.000000
346.837488 569.000000
347.550000 576.000000
348.162506 584.000000
348.775012 584.000000
349.387488 589.000000
350.000000 600.000000
350.612506 604.000000
351.225012 607.000000
351.837488 614.000000
352.550000 620.000000
353.162506 631.000000
353.775012 630.000000
354.387488 632.000000
355.000000 634.000000
355.612506 633.000000
356.225012 633.000000
356.837488 635.000000
357.550000 639.000000
358.162506 641.000000
358.775012 635.000000
359.387488 636.000000
360.000000 634.000000
360.612506 628.000000
361.225012 631.000000
361.837488 625.000000
362.550000 624.000000
363.162506 621.000000
363.775012 613.000000
364.387488 612.000000
365.000000 608.000000
365.612506 603.000000
366.225012 593.000000
366.837488 588.000000
367.550000 581.000000
368.162506 573.000000
368.775012 565.000000
369.387488 557.000000
370.000000 551.000000
370.612506 538.000000
371.225012 531.000000
371.837488 520.000000
372.550000 511.000000
373.162506 500.000000
373.775012 492.000000
374.387488 484.000000
375.000000 471.000000
375.612506 459.000000
376.225012 450.000000
376.837488 442.000000
377.550000 429.000000
378.162506 424.000000
378.775012 412.000000
379.387488 404.000000
380.000000 392.000000
380.612506 388.000000
381.225012 377.000000
381.837488 368.000000
382.550000 359.000000
383.162506 348.000000
383.775012 340.000000
384.387488 332.000000
385.000000 328.000000
385.612506 318.000000
386.225012 314.000000
386.837488 305.000000
387.550000 299.000000
388.162506 296.000000
388.775012 287.000000
389.387488 285.000000
390.000000 278.000000
390.612506 275.000000
391.225012 271.000000
391.837488 263.000000
392.550000 260.000000
393.162506 257.000000
393.775012 253.000000
394.387488 251.000000
395.000000 247.000000
395.612506 244.000000
396.225012 241.000000
396.837488 238.000000
397.550000 234.000000
398.162506 233.000000
398.775012 231.000000
399.387488 231.000000
400.000000 229.000000
400.612506 228.000000
401.225012 225.000000
401.837488 229.000000
402.550000 227.000000
403.162506 231.000000
403.775012 233.000000
404.387488 233.000000
405.000000 234.000000
405.612506 237.000000
406.225012 237.000000
406.837488 241.000000
407.550000 243.000000
408.162506 250.000000
408.775012 252.000000
409.387488 254.000000
410.000000 259.000000
410.612506 261.000000
411.225012 268.000000
411.837488 274.000000
412.550000 277.000000
413.162506 283.000000
413.775012 290.000000
414.387488 294.000000
415.000000 301.000000
415.612506 308.000000
416.225012 315.000000
416.837488 325.000000
417.550000 337.000000
418.162506 344.000000
418.775012 359.000000
419.387488 371.000000
420.000000 387.000000
420.612506 403.000000
421.225012 416.000000
421.837488 436.000000
422.550000 451.000000
423.162506 474.000000
423.775012 497.000000
424.387488 520.000000
425.000000 541.000000
425.612506 562.000000
426.225012 590.000000
426.837488 612.000000
427.550000 642.000000
428.162506 665.000000
428.775012 689.000000
429.387488 715.000000
430.000000 742.000000
430.612506 772.000000
431.225012 799.000000
431.837488 828.000000
432.550000 860.000000
433.162506 889.000000
433.775012 926.000000
434.387488 958.000000
435.000000 993.000000
435.612506 1028.000000
436.225012 1062.000000
436.837488 1098.000000
437.550000 1143.000000
438.162506 1183.000000
438.775012 1216.000000
439.387488 1267.000000
440.000000 1322.000000
440.612506 1367.000000
441.225012 1418.000000
441.837488 1481.000000
442.550000 1516.000000
443.162506 1563.000000
443.775012 1619.000000
444.387488 1666.000000
445.000000 1723.000000
445.612506 1777.000000
446.225012 1833.000000
446.837488 1887.000000
447.550000 1934.000000
448.162506 1992.000000
448.775012 2034.000000
449.387488 2076.000000
450.000000 2120.000000
450.612506 2173.000000
451.225012 2226.000000
451.837488 2273.000000
452.550000 2336.000000
453.162506 2369.000000
453.775012 2424.000000
454.387488 2473.000000
455.000000 2504.000000
455.612506 2530.000000
456.225012 2574.000000
456.837488 2618.000000
457.550000 2671.000000
458.162506 2701.000000
458.775012 2688.000000
459.387488 2702.000000
460.000000 2726.000000
460.612506 2735.000000
461.225012 2765.000000
461.837488 2791.000000
462.550000 2810.000000
463.162506 2816.000000
463.775012 2842.000000
464.387488 2875.000000
465.000000 2899.000000
465.612506 2909.000000
466.225012 2921.000000
466.837488 2918.000000
467.550000 2894.000000
468.162506 2842.000000
468.775012 2831.000000
469.387488 2894.000000
470.000000 2928.000000
470.612506 2955.000000
471.225012 2967.000000
471.837488 2979.000000
472.550000 2975.000000
473.162506 2964.000000
473.775012 2957.000000
474.387488 2924.000000
475.000000 2856.000000
475.612506 2881.000000
476.225012 2835.000000
476.837488 2835.000000
477.550000 2907.000000
478.162506 2934.000000
478.775012 2934.000000
479.387488 2935.000000
480.000000 2919.000000
480.612506 2921.000000
481.225012 2913.000000
481.837488 2902.000000
482.550000 2890.000000
483.162506 2884.000000
483.775012 2892.000000
484.387488 2880.000000
485.000000 2872.000000
485.612506 2859.000000
486.225012 2848.000000
486.837488 2842.000000
487.550000 2830.000000
488.162506 2816.000000
488.775012 2815.000000
489.387488 2796.000000
490.000000 2775.000000
490.612506 2770.000000
491.225012 2754.000000
491.837488 2734.000000
492.550000 2725.000000
493.162506 2699.000000
493.775012 2691.000000
494.387488 2675.000000
495.000000 2654.000000
495.612506 2628.000000
496.225012 2623.000000
496.837488 2604.000000
497.550000 2585.000000
498.162506 2571.000000
498.775012 2553.000000
499.387488 2536.000000
500.000000 2512.000000
500.612506 2491.000000
501.225012 2468.000000
501.837488 2455.000000
502.550000 2438.000000
503.162506 2413.000000
503.775012 2389.000000
504.387488 2369.000000
505.000000 2364.000000
505.612506 2336.000000
506.225012 2310.000000
506.837488 2290.000000
507.550000 2267.000000
508.162506 2252.000000
508.775012 2224.000000
509.387488 2199.000000
510.000000 2185.000000
510.612506 2162.000000
511.225012 2137.000000
511.837488 2122.000000
512.550000 2099.000000
513.162476 2072.000000
513.775012 2054.000000
514.387488 2042.000000
515.000000 2012.000000
515.612476 1996.000000
516.225012 1969.000000
516.837488 1955.000000
517.550000 1937.000000
518.162476 1910.000000
518.775012 1889.000000
519.387488 1866.000000
520.000000 1848.000000
520.612476 1824.000000
521.225012 1800.000000
521.837488 1777.000000
522.550000 1756.000000
523.162476 1740.000000
523.775012 1719.000000
524.387488 1698.000000
525.000000 1677.000000
525.612476 1667.000000
526.225012 1651.000000
526.837488 1636.000000
527.550000 1610.000000
528.162476 1592.000000
528.775012 1581.000000
529.387488 1560.000000
530.000000 1544.000000
530.612476 1529.000000
531.225012 1506.000000
531.837488 1491.000000
532.550000 1488.000000
533.162476 1465.000000
533.775012 1452.000000
534.387488 1434.000000
535.000000 1423.000000
535.612476 1410.000000
536.225012 1402.000000
536.837488 1388.000000
537.550000 1378.000000
538.162476 1360.000000
538.775012 1354.000000
539.387488 1342.000000
540.000000 1331.000000
540.612476 1326.000000
541.225012 1314.000000
541.837488 1307.000000
542.550000 1303.000000
543.162476 1292.000000
543.775012 1285.000000
544.387488 1276.000000
545.000000 1269.000000
545.612476 1263.000000
546.225012 1259.000000
546.837488 1246.000000
547.550000 1244.000000
548.162476 1235.000000
548.775012 1239.000000
549.387488 1231.000000
550.000000 1230.000000
550.612476 1228.000000
551.225012 1225.000000
551.837488 1224.000000
552.550000 1224.000000
553.162476 1223.000000
553.775012 1220.000000
554.387488 1220.000000
555.000000 1219.000000
555.612476 1213.000000
556.225012 1215.000000
556.837488 1218.000000
557.550000 1222.000000
558.162476 1222.000000
558.775012 1228.000000
559.387488 1232.000000
560.000000 1233.000000
560.612476 1232.000000
561.225012 1236.000000
561.837488 1243.000000
562.550000 1248.000000
563.162476 1257.000000
563.775012 1257.000000
564.387488 1266.000000
565.000000 1276.000000
565.612476 1275.000000
566.225012 1284.000000
566.837488 1293.000000
567.550000 1302.000000
568.162476 1318.000000
568.775012 1321.000000
569.387488 1330.000000
570.000000 1339.000000
570.612476 1354.000000
571.225012 1360.000000
571.837488 1367.000000
572.550000 1387.000000
573.162476 1397.000000
573.775012 1409.000000
574.387488 1420.000000
575.000000 1433.000000
575.612476 1447.000000
576.225012 1464.000000
576.837488 1475.000000
577.550000 1493.000000
578.162476 1509.000000
578.775012 1519.000000
579.387488 1539.000000
580.000000 1550.000000
580.612476 1570.000000
581.225012 1591.000000
581.837488 1604.000000
582.550000 1625.000000
583.162476 1639.000000
583.775012 1658.000000
584.387488 1678.000000
585.000000 1693.000000
585.612476 1717.000000
586.225012 1741.000000
586.837488 1763.000000
587.550000 1780.000000
588.162476 1801.000000
588.775012 1816.000000
589.387488 1841.000000
590.000000 1860.000000
590.612476 1883.000000
591.225012 1897.000000
591.837488 1912.000000
592.550000 1938.000000
593.162476 1959.000000
593.775012 1983.000000
594.387488 2003.000000
595.000000 2025.000000
595.612476 2036.000000
596.225012 2063.000000
596.837488 2083.000000
597.550000 2107.000000
598.162476 2127.000000
598.775012 2145.000000
599.387488 2165.000000
600.000000 2180.000000
600.612476 2198.000000
601.225012 2213.000000
601.837488 2231.000000
602.550000 2243.000000
603.162476 2257.000000
603.775012 2280.000000
604.387488 2281.000000
605.000000 2303.000000
605.612476 2308.000000
606.225012 2329.000000
606.837488 2331.000000
607.550000 2349.000000
608.162476 2360.000000
608.775012 2371.000000
609.387488 2382.000000
610.000000 2389.000000
610.612476 2403.000000
611.225012 2408.000000
611.837488 2415.000000
612.550000 2417.000000
613.162476 2422.000000
613.775012 2426.000000
614.387488 2427.000000
615.000000 2432.000000
615.612476 2433.000000
616.225012 2441.000000
616.837488 2441.000000
617.550000 2452.000000
618.162476 2452.000000
618.775012 2450.000000
619.387488 2457.000000
620.000000 2449.000000
620.612476 2449.000000
621.225012 2457.000000
621.837488 2458.000000
622.550000 2446.000000
623.162476 2442.000000
623.775012 2438.000000
624.387488 2433.000000
625.000000 2431.000000
625.612476 2430.000000
626.225012 2421.000000
626.837488 2420.000000
627.550000 2421.000000
628.162476 2417.000000
628.775012 2407.000000
629.387488 2407.000000
630.000000 2405.000000
630.612476 2394.000000
631.225012 2388.000000
631.837488 2386.000000
632.550000 2381.000000
633.162476 2371.000000
633.775012 2364.000000
634.387488 2349.000000
635.000000 2345.000000
635.612476 2341.000000
636.225012 2335.000000
636.837488 2317.000000
637.550000 2319.000000
638.162476 2314.000000
638.775012 2307.000000
639.387488 2291.000000
640.000000 2283.000000
640.612476 2282.000000
641.225012 2284.000000
641.837488 2262.000000
642.550000 2258.000000
643.162476 2250.000000
643.775012 2242.000000
644.387488 2230.000000
645.000000 2228.000000
645.612476 2220.000000
646.225012 2215.000000
646.837488 2199.000000
647.550000 2188.000000
648.162476 2172.000000
648.775012 2164.000000
649.387488 2158.000000
650.000000 2148.000000
650.612476 2139.000000
651.225012 2133.000000
651.837488 2125.000000
652.550000 2113.000000
653.162476 2104.000000
653.775012 2104.000000
654.387488 2089.000000
655.000000 2082.000000
655.612476 2069.000000
656.225012 2063.000000
656.837488 2045.000000
657.550000 2034.000000
658.162476 2013.000000
658.775012 2003.000000
659.387488 1990.000000
660.000000 1970.000000
660.612476 1970.000000
661.225012 1970.000000
661.837488 1959.000000
662.550000 1950.000000
663.162476 1938.000000
663.775012 1930.000000
664.387488 1920.000000
665.000000 1914.000000
665.612476 1907.000000
666.225012 1895.000000
666.837488 1886.000000
667.550000 1868.000000
668.162476 1855.000000
668.775012 1847.000000
669.387488 1841.000000
670.000000 1833.000000
670.612476 1820.000000
671.225012 1811.000000
671.837488 1799.000000
672.550000 1798.000000
673.162476 1783.000000
673.775012 1776.000000
674.387488 1764.000000
675.000000 1749.000000
675.612476 1741.000000
676.225012 1734.000000
676.837488 1720.000000
677.550000 1710.000000
678.162476 1700.000000
678.775012 1696.000000
679.387488 1689.000000
680.000000 1673.000000
680.612476 1665.000000
681.225012 1646.000000
681.837488 1637.000000
682.550000 1618.000000
683.162476 1615.000000
683.775012 1592.000000
684.387488 1581.000000
685.000000 1558.000000
685.612476 1535.000000
686.225012 1509.000000
686.837488 1477.000000
687.550000 1417.000000
688.162476 1436.000000
688.775012 1470.000000
689.387488 1496.000000
690.000000 1532.000000
690.612476 1562.000000
691.225012 1605.000000
691.837488 1656.000000
692.550000 1680.000000
693.162476 1685.000000
693.775012 1782.000000
694.387488 1717.000000
695.000000 1902.000000
695.612476 1974.000000
696.225012 2031.000000
696.837488 2074.000000
697.550000 2119.000000
698.162476 2163.000000
698.775012 2195.000000
699.387488 2221.000000
700.000000 2243.000000
700.612476 2264.000000
701.225012 2277.000000
701.837488 2278.000000
702.550000 2271.000000
703.162476 2265.000000
703.775012 2257.000000
704.387488 2239.000000
705.000000 2227.000000
705.612476 2201.000000
706.225012 2178.000000
706.837488 2144.000000
707.550000 2131.000000
708.162476 2098.000000
708.775012 2075.000000
709.387488 2034.000000
710.000000 2012.000000
710.612476 1982.000000
711.225012 1946.000000
711.837488 1915.000000
712.550000 1872.000000
713.162476 1844.000000
713.775012 1816.000000
714.387488 1783.000000
715.000000 1754.000000
715.612476 1732.000000
716.225012 1698.000000
716.837488 1676.000000
717.550000 1647.000000
718.162476 1631.000000
718.775012 1608.000000
719.387488 1587.000000
720.000000 1559.000000
720.612476 1546.000000
721.225012 1527.000000
721.837488 1500.000000
722.550000 1486.000000
723.162476 1467.000000
723.775012 1444.000000
724.387488 1431.000000
725.000000 1407.000000
725.612476 1393.000000
726.225012 1372.000000
726.837488 1354.000000
727.550000 1339.000000
728.162476 1321.000000
728.775012 1307.000000
729.387488 1288.000000
730.000000 1275.000000
730.612476 1260.000000
731.225012 1248.000000
731.837488 1229.000000
732.550000 1214.000000
733.162476 1198.000000
733.775012 1184.000000
734.387488 1172.000000
735.000000 1159.000000
735.612476 1151.000000
736.225012 1137.000000
736.837488 1125.000000
737.550000 1114.000000
738.162476 1105.000000
738.775012 1092.000000
739.387488 1079.000000
740.000000 1076.000000
740.612476 1062.000000
741.225012 1058.000000
741.837488 1042.000000
742.550000 1028.000000
743.162476 1020.000000
743.775012 1009.000000
744.387488 997.000000
745.000000 993.000000
745.612476 981.000000
746.225012 967.000000
746.837488 952.000000
747.550000 946.000000
748.162476 942.000000
748.775012 930.000000
749.387488 912.000000
750.000000 908.000000
